0 0 1.3372719439367453 0.524
0 1 1.1575018137693405 0.4774
0 2 1.0440646889309089 0.5056
0 3 0.9950282601018747 0.5904
0 4 0.9296070028096437 0.6476
0 5 0.8951589774340392 0.6442
0 6 0.8797726318240165 0.6602
0 7 0.8109814699739217 0.666
0 8 0.8167933082828919 0.6906
0 9 0.7908027896036705 0.661
1 0 0.9354552771896125 0.5608
1 1 0.8613455525288979 0.6302
1 2 0.826348235209783 0.6142
1 3 0.7900882034252087 0.6822
1 4 0.7548744155714909 0.6892
1 5 0.733714991187056 0.7216
1 6 0.7332950074225665 0.664
1 7 0.6905918974429368 0.6998
1 8 0.6632824117317795 0.7578
1 9 0.6651676593658825 0.6736
2 0 0.7413527684907119 0.5808
2 1 0.6976255138715108 0.739
2 2 0.6636095639318228 0.7194
2 3 0.6534061253070831 0.7012
2 4 0.6237449621781708 0.7202
2 5 0.6246457274382313 0.7324
2 6 0.6058776085575421 0.7606
2 7 0.6006872672587633 0.7256
2 8 0.5791182162861029 0.7818
2 9 0.572633448553582 0.7824
3 0 0.628131306109329 0.771
3 1 0.5922841139137744 0.7596
3 2 0.5661945103357235 0.7872
3 3 0.5631727748240034 0.8006
3 4 0.566341364197433 0.753
3 5 0.5291229390228788 0.7962
3 6 0.5185798428952694 0.7912
3 7 0.48685299940407273 0.7842
3 8 0.5138053455079595 0.8112
3 9 0.5119222775722543 0.7954
4 0 0.5442437351370851 0.7824
4 1 0.5088974497281015 0.8174
4 2 0.513640457453827 0.802
4 3 0.4872938959548871 0.8122
4 4 0.4994680873428782 0.7874
4 5 0.4684440284346541 0.7948
4 6 0.4638019269021849 0.832
4 7 0.4565518309672673 0.8332
4 8 0.45358977299183606 0.818
4 9 0.45004210964155694 0.8114
5 0 0.4928656003127495 0.807
5 1 0.42866315227001905 0.8198
5 2 0.4409598436827461 0.8338
5 3 0.4285901819821447 0.8212
5 4 0.4420245781540871 0.804
5 5 0.40106231019211314 0.8236
5 6 0.4224138512586554 0.8528
5 7 0.4046322057954967 0.8082
5 8 0.4046418356398741 0.8292
5 9 0.39887577475359043 0.8536
6 0 0.4334876963558296 0.852
6 1 0.39948646690075595 0.812
6 2 0.3997816215890149 0.821
6 3 0.4028017546050251 0.8626
6 4 0.3970551456014315 0.8606
6 5 0.38222320768982176 0.8672
6 6 0.3772842238346736 0.879
6 7 0.36188174503234527 0.8546
6 8 0.348962251857544 0.8656
6 9 0.35641038886581855 0.8526
7 0 0.3885064059868455 0.853
7 1 0.38089103043700256 0.864
7 2 0.3640630122895042 0.852
7 3 0.36344436078021924 0.8574
7 4 0.3634225387281428 0.8714
7 5 0.3425089762546122 0.83
7 6 0.35553881116211417 0.8496
7 7 0.34474086022625366 0.8798
7 8 0.335954989042754 0.8536
7 9 0.326513633535554 0.8612
8 0 0.35237767781751855 0.836
8 1 0.3406097124175479 0.8632
8 2 0.33724327843325835 0.8564
8 3 0.3409102501658102 0.8424
8 4 0.33111905871580044 0.8826
8 5 0.30412500511544444 0.8722
8 6 0.33836824010747174 0.8758
8 7 0.32729031693500776 0.8766
8 8 0.3191155569938322 0.863
8 9 0.2996412115481992 0.8612
9 0 0.33305036062374715 0.8798
9 1 0.31724183745682244 0.8824
9 2 0.3190565303588907 0.8806
9 3 0.31419082848976054 0.8342
9 4 0.3094490534470727 0.8896
9 5 0.29266683869063853 0.8792
9 6 0.29525917836775384 0.8786
9 7 0.2842757791435967 0.8844
9 8 0.2793778603586058 0.8856
9 9 0.2908751769457012 0.8846
10 0 0.3076525238575414 0.8872
10 1 0.2989403051634629 0.8788
10 2 0.29763428956115 0.8862
10 3 0.30867987388434515 0.8876
10 4 0.3001364536272983 0.8954
10 5 0.2870263419114053 0.8822
10 6 0.2875521616001303 0.887
10 7 0.28283146422666805 0.8864
10 8 0.264592791631973 0.8954
10 9 0.2829963992970685 0.8814
11 0 0.3014305985687922 0.8958
11 1 0.2804045374505222 0.8822
11 2 0.290127633465454 0.8846
11 3 0.24861744535155594 0.8812
11 4 0.26151663627630717 0.8846
11 5 0.28348606058085957 0.8734
11 6 0.265337160617734 0.8942
11 7 0.2677063647114361 0.8888
11 8 0.25716840851431094 0.8878
11 9 0.26459625605493786 0.895
12 0 0.2866688357433304 0.8994
12 1 0.25488048219121995 0.8938
12 2 0.2735194679970543 0.8856
12 3 0.25517844536031287 0.8914
12 4 0.2643817541655153 0.889
12 5 0.2619748934482535 0.8954
12 6 0.24764061139430849 0.8924
12 7 0.2539715561006839 0.9054
12 8 0.2559894730181744 0.9072
12 9 0.23943881132484723 0.8936
13 0 0.25192034360176574 0.9006
13 1 0.2332552366113911 0.8942
13 2 0.24843748520749312 0.9068
13 3 0.22751262865494937 0.8984
13 4 0.24139151441243786 0.891
13 5 0.23605276662080238 0.8986
13 6 0.23893900603676838 0.9002
13 7 0.25167476856149734 0.9074
13 8 0.2268990336296459 0.8916
13 9 0.2219295136940976 0.9066
14 0 0.2452819696161896 0.887
14 1 0.25234705588857953 0.8968
14 2 0.23752249621320515 0.9062
14 3 0.21748428256250918 0.9
14 4 0.25780252751428634 0.9008
14 5 0.23888106510664026 0.9144
14 6 0.22118826614071926 0.8994
14 7 0.22492873326409607 0.912
14 8 0.22073266501926508 0.9012
14 9 0.21602572746730098 0.906
15 0 0.22897851967718452 0.9044
15 1 0.216049299602552 0.9088
15 2 0.2305898536539947 0.907
15 3 0.21981659738036494 0.9052
15 4 0.2302181671412351 0.8976
15 5 0.21330963753474255 0.9044
15 6 0.20070842041556414 0.8848
15 7 0.22433590913036217 0.9078
15 8 0.21194420448155143 0.9126
15 9 0.22394680643143752 0.9178
16 0 0.21700390079058707 0.9104
16 1 0.2181633783504367 0.9094
16 2 0.20733501220820472 0.8946
16 3 0.21975402218910556 0.906
16 4 0.2175882276535655 0.9028
16 5 0.20324544249645746 0.9044
16 6 0.21819069859726975 0.9124
16 7 0.1949993410302947 0.9118
16 8 0.2005292421284442 0.905
16 9 0.19886588079001133 0.9122
17 0 0.21898289023277662 0.8928
17 1 0.20601381639329097 0.9126
17 2 0.1944659819516043 0.9072
17 3 0.20756587114495537 0.9046
17 4 0.19736394681191693 0.9086
17 5 0.20487739702221006 0.9194
17 6 0.20187081931314121 0.9026
17 7 0.18703767116142747 0.9036
17 8 0.18383464416644224 0.9132
17 9 0.1892418934808423 0.9138
18 0 0.190916901648355 0.9124
18 1 0.2024278144041697 0.9212
18 2 0.1910865574454268 0.916
18 3 0.19393875025756036 0.9118
18 4 0.19610113642023255 0.9168
18 5 0.18745321636864296 0.913
18 6 0.18955076608884458 0.914
18 7 0.19141715770820156 0.9154
18 8 0.18787303291804466 0.9224
18 9 0.1798714362938578 0.9104
19 0 0.20199884012690744 0.913
19 1 0.18087018290534618 0.915
19 2 0.19189743128760406 0.9108
19 3 0.188528723452085 0.922
19 4 0.17431548152429363 0.9216
19 5 0.18474178888524573 0.9078
19 6 0.17399342900801762 0.9182
19 7 0.18730224184691907 0.926
19 8 0.17760122236795722 0.9194
19 9 0.17598418968652063 0.9176
20 0 0.1846796132546539 0.9174
20 1 0.16287657589418814 0.921
20 2 0.17240173976169898 0.9202
20 3 0.1623602171622527 0.9216
20 4 0.16898044016755498 0.916
20 5 0.17457288339501248 0.9198
20 6 0.1773924510809593 0.9196
20 7 0.16644390703877435 0.9158
20 8 0.1412087417168853 0.9214
20 9 0.16974299791036174 0.9256
21 0 0.19549103726943334 0.9318
21 1 0.16113410708494486 0.922
21 2 0.16472070274564127 0.9252
21 3 0.16045516597805545 0.9222
21 4 0.16563309781486169 0.9292
21 5 0.1713759552920237 0.9282
21 6 0.158580716412204 0.9248
21 7 0.16241587131128957 0.929
21 8 0.15165017012235088 0.921
21 9 0.14588004847755656 0.9226
22 0 0.17355000727790565 0.9126
22 1 0.1699479672863769 0.9252
22 2 0.17859172833462555 0.9236
22 3 0.15467349483321113 0.9188
22 4 0.15456390007942294 0.921
22 5 0.15565389460728812 0.9218
22 6 0.15533467445056887 0.9228
22 7 0.16002618729059276 0.9262
22 8 0.15461164553028842 0.9168
22 9 0.14896878120877471 0.9286
23 0 0.169123206481648 0.9262
23 1 0.15367555540287867 0.9228
23 2 0.14571432874848445 0.926
23 3 0.13761940529802813 0.925
23 4 0.14802637121562534 0.9222
23 5 0.15281566085759551 0.9232
23 6 0.15379788387605609 0.9346
23 7 0.14425004215639395 0.9292
23 8 0.15163949638566313 0.927
23 9 0.15008195904083552 0.9252
24 0 0.1694805730250664 0.923
24 1 0.15204769591800868 0.928
24 2 0.167461568582803 0.9316
24 3 0.14879200745684407 0.927
24 4 0.15994192271803814 0.928
24 5 0.14974726783693768 0.9336
24 6 0.13471060968392218 0.929
24 7 0.13828137093999732 0.9334
24 8 0.14895307511324063 0.9252
24 9 0.1496352385613136 0.9232
25 0 0.14935210287415734 0.9268
25 1 0.1481112540505516 0.9302
25 2 0.13973905954044313 0.9298
25 3 0.1400495007886396 0.9242
25 4 0.144399006224315 0.9304
25 5 0.14225170954402228 0.9284
25 6 0.13254738507869962 0.9318
25 7 0.13382802280054118 0.933
25 8 0.132189963463073 0.9284
25 9 0.13640623253110487 0.9282
26 0 0.14687354685350631 0.93
26 1 0.15259754615059742 0.9288
26 2 0.14533716621711695 0.9304
26 3 0.14049905370920895 0.9288
26 4 0.13301370136905463 0.9278
26 5 0.1301192934474481 0.926
26 6 0.13643703167908824 0.9288
26 7 0.1366347206911693 0.9314
26 8 0.13407076188984018 0.9302
26 9 0.13512976683365802 0.9338
27 0 0.14485966654028742 0.9278
27 1 0.13007158382097259 0.9302
27 2 0.1219705366936978 0.9284
27 3 0.12617915686375153 0.9288
27 4 0.12843170344131066 0.9284
27 5 0.14379254348847703 0.9302
27 6 0.1445302928875511 0.9296
27 7 0.13203468354089032 0.9322
27 8 0.13703968410263767 0.9326
27 9 0.13695394595076021 0.9322
28 0 0.14220276842825114 0.9288
28 1 0.12835470415108527 0.928
28 2 0.1317195295608447 0.9328
28 3 0.13406322326239511 0.9328
28 4 0.1192892123576409 0.9362
28 5 0.12380018460098655 0.936
28 6 0.12270867518576173 0.9328
28 7 0.14697401858478165 0.9304
28 8 0.12589130199048668 0.9356
28 9 0.1242459567671176 0.9318
29 0 0.13584382521997518 0.935
29 1 0.12584178962764175 0.9396
29 2 0.12002474127026896 0.938
29 3 0.125100203800442 0.9318
29 4 0.12620434204000047 0.9328
29 5 0.12400718962890096 0.9342
29 6 0.12047440422854075 0.9352
29 7 0.12422686358913779 0.9302
29 8 0.11261068538588007 0.932
29 9 0.1256196133346142 0.9378
30 0 0.12955151004716753 0.9278
30 1 0.12116488242366663 0.9334
30 2 0.13253342391496215 0.9322
30 3 0.13431981526276407 0.9398
30 4 0.1056496771304713 0.9378
30 5 0.12927131530983996 0.9368
30 6 0.124269236268204 0.9332
30 7 0.1303564506621721 0.9334
30 8 0.1264376696519321 0.934
30 9 0.12705490277245796 0.9376
31 0 0.13069144334682886 0.9288
31 1 0.1314744296231462 0.9348
31 2 0.10587830289150588 0.9338
31 3 0.10710381051079215 0.935
31 4 0.1293627424699177 0.937
31 5 0.11614073910168371 0.9328
31 6 0.11413390117231756 0.9376
31 7 0.1094892765560265 0.9356
31 8 0.11926561416815579 0.9298
31 9 0.10633843172011742 0.9402
32 0 0.12724380648772543 0.9322
32 1 0.12347038933755053 0.9356
32 2 0.11368651678300618 0.936
32 3 0.12216075010364874 0.9324
32 4 0.12210150993099282 0.9362
32 5 0.12104299097991315 0.9332
32 6 0.11922479663820315 0.9374
32 7 0.11750664474869457 0.9384
32 8 0.1305924178023512 0.936
32 9 0.10776137122593354 0.9342
33 0 0.11644220311039438 0.9282
33 1 0.131131299949872 0.934
33 2 0.11076712874588945 0.9358
33 3 0.11312086053270226 0.9376
33 4 0.12018746008786062 0.9408
33 5 0.11337737423018553 0.9366
33 6 0.11813564235538554 0.9346
33 7 0.11816137941690007 0.9378
33 8 0.11007013802736765 0.9402
33 9 0.10951640092534945 0.939
34 0 0.12163320798232842 0.9408
34 1 0.10474809272175965 0.9356
34 2 0.1137215781675574 0.94
34 3 0.11579089784742488 0.9372
34 4 0.12182990888832138 0.9404
34 5 0.11707695646521946 0.9388
34 6 0.10700675338739529 0.9396
34 7 0.09630110533325933 0.9406
34 8 0.10402117805012191 0.9352
34 9 0.10827288595416273 0.9404
35 0 0.11845653740262303 0.9336
35 1 0.11361250047921204 0.9384
35 2 0.11931341511274998 0.939
35 3 0.10973920637722281 0.9364
35 4 0.11136461167916423 0.9398
35 5 0.10777946581753592 0.9376
35 6 0.11037893036749058 0.9364
35 7 0.10752433427939348 0.9394
35 8 0.10844640927971341 0.9378
35 9 0.10802039215535236 0.9364
36 0 0.1250133318574323 0.9364
36 1 0.1050119732428963 0.941
36 2 0.10650320199880906 0.9374
36 3 0.0974296217066391 0.936
36 4 0.10349526739058396 0.9402
36 5 0.10391903991306511 0.9396
36 6 0.09883833243511617 0.936
36 7 0.09512483584209501 0.9402
36 8 0.10734027206005219 0.9392
36 9 0.10770298435236328 0.9352
37 0 0.11273631381724651 0.9372
37 1 0.11048065576857577 0.9398
37 2 0.10482622868827698 0.941
37 3 0.10892637003271376 0.942
37 4 0.10444524079697051 0.9386
37 5 0.11858572534110863 0.9436
37 6 0.11151202276620703 0.9396
37 7 0.09951684389379807 0.937
37 8 0.0975435669378688 0.941
37 9 0.10136681615840644 0.9378
38 0 0.10765467416592098 0.9374
38 1 0.10086725689470769 0.9368
38 2 0.1051575737685198 0.9366
38 3 0.10254598201427143 0.9382
38 4 0.10259037090387817 0.9434
38 5 0.09968016990460456 0.9388
38 6 0.10393947023161067 0.9352
38 7 0.0963506588547413 0.9362
38 8 0.09042024596759196 0.936
38 9 0.09660017887363209 0.9392
39 0 0.11373615777896096 0.9382
39 1 0.11097785032955775 0.9406
39 2 0.09858153244519297 0.9398
39 3 0.10684005935133126 0.9374
39 4 0.10946026547559692 0.9426
39 5 0.09517099009584247 0.9424
39 6 0.09961870909173741 0.9394
39 7 0.10801079975596319 0.94
39 8 0.10293012075999286 0.936
39 9 0.10318060069694185 0.9398
40 0 0.1022815094969701 0.9406
40 1 0.1043272319890093 0.937
40 2 0.10876336770209794 0.9396
40 3 0.10122038419164406 0.9408
40 4 0.1000373367763435 0.9416
40 5 0.09452091894345357 0.9408
40 6 0.1019723900683554 0.9402
40 7 0.10891265576550116 0.9442
40 8 0.09534647816908545 0.9426
40 9 0.10043363041186239 0.9412
41 0 0.10719777069170959 0.9382
41 1 0.09580857316420102 0.939
41 2 0.10706908639986068 0.9412
41 3 0.09336780357989483 0.939
41 4 0.10556363945264215 0.941
41 5 0.09394546639911519 0.943
41 6 0.0981666124581049 0.9368
41 7 0.09987837076284146 0.9396
41 8 0.09452615321206395 0.9398
41 9 0.09184912866718757 0.9438
42 0 0.10862652647968693 0.9364
42 1 0.10760826805296043 0.9414
42 2 0.09656200206566912 0.9466
42 3 0.08782701238912219 0.9418
42 4 0.08947885762463556 0.9416
42 5 0.09682542883480588 0.9384
42 6 0.0961825839030401 0.9418
42 7 0.08773418028237454 0.9396
42 8 0.09527973700702812 0.939
42 9 0.0816400992887793 0.941
43 0 0.1158029712329153 0.935
43 1 0.10805950088154835 0.9394
43 2 0.08921347962750587 0.9426
43 3 0.0988490599716897 0.9424
43 4 0.09820321165607311 0.9422
43 5 0.09263619416500053 0.9434
43 6 0.09284490473898283 0.9406
43 7 0.0935193373026171 0.94
43 8 0.09867350004302958 0.9368
43 9 0.09784925457158049 0.938
44 0 0.10195980228794119 0.9444
44 1 0.10154478416661732 0.9384
44 2 0.08963412076700479 0.9408
44 3 0.09177423001965507 0.9386
44 4 0.0942658205749467 0.9426
44 5 0.0943437014260174 0.9428
44 6 0.09217147917564338 0.9378
44 7 0.09295170654319615 0.9406
44 8 0.08951005253960223 0.939
44 9 0.09037753727025119 0.9428
45 0 0.1142526545173799 0.9398
45 1 0.10798839405567076 0.9398
45 2 0.09988539953580282 0.9368
45 3 0.08567594463626543 0.9426
45 4 0.09852436514338478 0.938
45 5 0.09851591152643474 0.9422
45 6 0.09266511809643513 0.9414
45 7 0.08889338925558453 0.9428
45 8 0.09068333410929577 0.941
45 9 0.0909871743642725 0.9422
46 0 0.09292072006404245 0.943
46 1 0.10259397708578036 0.9362
46 2 0.09411317332511923 0.9392
46 3 0.09860286306745063 0.942
46 4 0.0908133865984079 0.9428
46 5 0.09125510306330398 0.9384
46 6 0.0890315152539794 0.941
46 7 0.09096730458453142 0.9422
46 8 0.10054889050273536 0.9404
46 9 0.08789046773599693 0.943
47 0 0.109039130883563 0.938
47 1 0.09013861744315363 0.9404
47 2 0.10015513800899498 0.9388
47 3 0.08798825145568118 0.9384
47 4 0.09322044475460037 0.9424
47 5 0.08116391752458488 0.9434
47 6 0.08786027284125641 0.9436
47 7 0.08793212474168588 0.9432
47 8 0.09694815100956475 0.9416
47 9 0.09491881985062112 0.9404
48 0 0.11177519384073095 0.9422
48 1 0.09625022737600375 0.9426
48 2 0.09377738736996738 0.9412
48 3 0.0834404721914325 0.9398
48 4 0.09631684280078237 0.9388
48 5 0.084250078513287 0.941
48 6 0.08981988195252294 0.9394
48 7 0.09723542497231392 0.9412
48 8 0.09414277919980427 0.9412
48 9 0.09109896746231244 0.9394
49 0 0.10045035652389439 0.9396
49 1 0.08943300961788433 0.9398
49 2 0.08284609748516232 0.9424
49 3 0.10001377407170367 0.9388
49 4 0.09575905523233814 0.9416
49 5 0.08924109286551053 0.9406
49 6 0.09135877110723717 0.9446
49 7 0.09649778575694654 0.9432
49 8 0.07993358374806121 0.9428
49 9 0.08294082534848712 0.9436
50 0 0.10388586437038612 0.9404
50 1 0.09719748495942138 0.9398
50 2 0.10322613274232328 0.942
50 3 0.09060094050510088 0.9424
50 4 0.0861705463413576 0.9406
50 5 0.09064432019076776 0.9424
50 6 0.08019101840133468 0.9392
50 7 0.09294099120112757 0.9404
50 8 0.08893131929022881 0.947
50 9 0.08696752730951024 0.9392
51 0 0.10406556833089174 0.941
51 1 0.08495792783893799 0.9454
51 2 0.09401445413338175 0.9432
51 3 0.09094929208998412 0.9422
51 4 0.09334866432764102 0.943
51 5 0.09794656702336699 0.9408
51 6 0.08147581276134588 0.9406
51 7 0.09473591131924575 0.9444
51 8 0.0929402956001771 0.9426
51 9 0.09021607961137004 0.9414
