0 0 1.36112419962883 0.5866261398176292
0 1 1.2947234551111857 0.6717325227963525
0 2 1.2971620420614878 0.6664133738601824
0 3 1.3613189280033111 0.6041033434650456
1 0 1.404120437304179 0.6588145896656535
1 1 1.2850760440031688 0.6846504559270516
1 2 1.297421415646871 0.6785714285714286
1 3 1.3066046774387359 0.6398176291793313
2 0 1.2595385233561198 0.7803951367781155
2 1 1.2714257140954337 0.702887537993921
2 2 1.3230249504248301 0.601823708206687
2 3 1.3411642293135326 0.5965045592705167
3 0 1.2385971605777741 0.7218844984802432
3 1 1.190380404392878 0.8465045592705167
3 2 1.0702030390501023 0.8882978723404256
3 3 1.0406514644622802 0.8958966565349544
4 0 1.0701383233070372 0.8837386018237082
4 1 1.120774937669436 0.8806990881458967
4 2 1.0423640459775925 0.9004559270516718
4 3 1.0398010989030202 0.9065349544072948
5 0 1.0662901630004247 0.9042553191489362
5 1 1.034105055530866 0.8913373860182371
5 2 1.028465888897578 0.9171732522796353
5 3 1.0240146040916442 0.9019756838905775
6 0 1.0576612561941148 0.8974164133738601
6 1 1.0276664763689043 0.89209726443769
6 2 1.0354369163513184 0.8966565349544073
6 3 1.053493110338847 0.9088145896656535
7 0 1.0611585279305777 0.9072948328267477
7 1 1.062812586625417 0.8563829787234043
7 2 1.0371776968240738 0.8700607902735562
7 3 1.0253508925437926 0.9065349544072948
8 0 1.1478694041570028 0.8860182370820668
8 1 1.04329139093558 0.9118541033434651
8 2 1.014764345685641 0.9042553191489362
8 3 1.0307967315117517 0.9194528875379939
9 0 1.0377582023541132 0.9141337386018237
9 1 1.0329354633887609 0.8928571428571429
9 2 1.006972568233808 0.9224924012158054
9 3 1.015562930703163 0.9293313069908815
10 0 1.0980554600556691 0.9103343465045592
10 1 1.0315488576889038 0.8928571428571429
10 2 1.0251035948594411 0.9088145896656535
10 3 1.017884200811386 0.9270516717325228
11 0 1.0273611783981322 0.9202127659574468
11 1 1.01459352572759 0.9293313069908815
11 2 1.0183622429768244 0.9278115501519757
11 3 1.0116897761821746 0.9095744680851063
12 0 1.0468374222517014 0.9278115501519757
12 1 1.0226626177628835 0.9209726443768997
12 2 1.0114569316307702 0.9293313069908815
12 3 1.0101851572593052 0.9088145896656535
13 0 1.0596846123536428 0.9141337386018237
13 1 1.063647233446439 0.8882978723404256
13 2 1.0184977571169536 0.9247720364741642
13 3 1.0268757631381353 0.878419452887538
14 0 1.0323106686274213 0.9262917933130699
14 1 1.0182893723249435 0.9179331306990881
14 2 1.011763337254524 0.9050151975683891
14 3 1.0099307338396708 0.925531914893617
15 0 1.047832582394282 0.898936170212766
15 1 1.0149181803067524 0.9293313069908815
15 2 1.0125041415294012 0.9209726443768997
15 3 0.997078929344813 0.9262917933130699
16 0 1.0441516210635504 0.9179331306990881
16 1 1.0162023315827051 0.9118541033434651
16 2 1.0243597547213237 0.9194528875379939
16 3 1.023261074225108 0.9278115501519757
17 0 1.046735045313835 0.9209726443768997
17 1 1.0079602827628453 0.9293313069908815
17 2 1.006145398815473 0.9316109422492401
17 3 0.9936888416608174 0.9278115501519757
18 0 1.0215328524510066 0.9179331306990881
18 1 1.0014800935983659 0.9293313069908815
18 2 0.9999592731396357 0.9293313069908815
18 3 1.0006467570861182 0.932370820668693
19 0 1.0196566909551619 0.9232522796352584
19 1 1.0051084836324056 0.9095744680851063
19 2 1.035274757941564 0.9247720364741642
19 3 1.007001350323359 0.9012158054711246
20 0 1.0536317149798076 0.9224924012158054
20 1 0.9996426661809286 0.925531914893617
20 2 1.018005794286728 0.9285714285714286
20 3 0.9931189308563868 0.9338905775075987
21 0 1.019558451573054 0.9179331306990881
21 1 1.0101456701755525 0.9262917933130699
21 2 0.9916130652030308 0.9308510638297872
21 3 0.9899818529685339 0.9270516717325228
22 0 1.0291052043437958 0.9316109422492401
22 1 1.0080903311570486 0.9194528875379939
22 2 1.0001741548379264 0.9285714285714286
22 3 1.002606415748596 0.9293313069908815
23 0 1.0277770509322486 0.9270516717325228
23 1 1.0006028165419896 0.9270516717325228
23 2 0.9988421003023784 0.925531914893617
23 3 1.0088645428419114 0.9300911854103343
24 0 1.019528971115748 0.9278115501519757
24 1 1.0059863756100338 0.9300911854103343
24 2 0.9946419407924016 0.9300911854103343
24 3 1.0044293691714605 0.9156534954407295
25 0 1.014038955171903 0.9338905775075987
25 1 1.0133878747622171 0.9209726443768997
25 2 0.9875037391980489 0.9316109422492401
25 3 1.0066760043303171 0.9278115501519757
26 0 1.0272846887509028 0.9217325227963525
26 1 0.997245219349861 0.9179331306990881
26 2 1.0061799615621565 0.9072948328267477
26 3 0.9894740144411723 0.9354103343465046
27 0 1.0167617777983349 0.9293313069908815
27 1 1.0085785488287609 0.9308510638297872
27 2 0.9841637601455052 0.939209726443769
27 3 1.00303289492925 0.9270516717325228
28 0 1.0494813720385234 0.9300911854103343
28 1 1.011410293976466 0.9217325227963525
28 2 0.9977078934510548 0.939209726443769
28 3 0.9928867469231288 0.9148936170212766
29 0 1.0107800314823785 0.9384498480243161
29 1 0.9896809826294581 0.9376899696048632
29 2 0.9892272502183914 0.939209726443769
29 3 0.9995182116826375 0.9338905775075987
30 0 1.0378004431724548 0.9399696048632219
30 1 1.0040923436482747 0.9338905775075987
30 2 0.9883708705504735 0.9285714285714286
30 3 0.9844487378994624 0.9338905775075987
31 0 1.0075781772534051 0.939209726443769
31 1 1.011497299869855 0.9293313069908815
31 2 0.9939654737710952 0.9361702127659575
31 3 0.9864634285370508 0.9361702127659575
32 0 1.0553155461947124 0.9232522796352584
32 1 0.9944304466247558 0.925531914893617
32 2 0.9818831543127695 0.9460486322188449
32 3 1.0078506698211034 0.9171732522796353
33 0 1.0134059170881908 0.9331306990881459
33 1 1.0217116395632426 0.9376899696048632
33 2 0.9867750346660614 0.9384498480243161
33 3 0.9868652403354644 0.9338905775075987
34 0 1.0071968615055085 0.9361702127659575
34 1 0.9904386391242346 0.9437689969604863
34 2 0.9776768853267034 0.9430091185410334
34 3 0.9814449747403463 0.9414893617021277
35 0 0.9928338090578716 0.9430091185410334
35 1 0.9856369137763977 0.918693009118541
35 2 0.9802182187636693 0.9430091185410334
35 3 0.9729409555594126 0.9422492401215805
36 0 0.993659790356954 0.9475683890577508
36 1 0.9871198634306589 0.9430091185410334
36 2 0.9822801202535629 0.9399696048632219
36 3 0.9761756360530853 0.9475683890577508
37 0 0.9880959997574488 0.9452887537993921
37 1 0.9775253643592199 0.9437689969604863
37 2 0.9906631072362264 0.9209726443768997
37 3 0.9744684795538585 0.9475683890577508
38 0 0.9980485389629999 0.9285714285714286
38 1 1.0036034772793452 0.9316109422492401
38 2 0.9805451929569244 0.9354103343465046
38 3 0.9819295952717464 0.9468085106382979
39 0 0.9822351137797039 0.9414893617021277
39 1 0.966845409075419 0.9346504559270516
39 2 1.0001041183869044 0.9354103343465046
39 3 0.9781675924857457 0.9475683890577508
40 0 1.0029459079106648 0.9490881458966566
40 1 0.9777955551942189 0.9445288753799392
40 2 0.9744218796491623 0.9483282674772037
40 3 0.9771730482578277 0.9483282674772037
41 0 0.9929895768562953 0.9506079027355623
41 1 0.9866877992947896 0.9521276595744681
41 2 0.9735968281825383 0.9513677811550152
41 3 0.9776696781317393 0.9506079027355623
42 0 0.9822588413953781 0.9536474164133738
42 1 0.9769978712002436 0.9445288753799392
42 2 0.9705256690581638 0.952887537993921
42 3 0.9707617829243342 0.952887537993921
43 0 0.9884256680806478 0.9559270516717325
43 1 0.9839877674976985 0.9498480243161094
43 2 0.9620739728212357 0.9513677811550152
43 3 0.9775718579689661 0.9316109422492401
44 0 0.9857963840166727 0.9536474164133738
44 1 0.9943241407473882 0.9430091185410334
44 2 0.9778923084338507 0.9521276595744681
44 3 0.9766398857037226 0.9559270516717325
45 0 0.9824031174182892 0.9536474164133738
45 1 0.9764242460330327 0.9399696048632219
45 2 0.9752439647912979 0.9437689969604863
45 3 0.9807852496703465 0.9452887537993921
46 0 0.9793921579917272 0.9498480243161094
46 1 0.9714261770248414 0.9445288753799392
46 2 0.9688914000988008 0.9384498480243161
46 3 0.9698889056841533 0.9521276595744681
47 0 0.9799565215905508 0.9483282674772037
47 1 0.9766584267218907 0.9498480243161094
47 2 0.977990526954333 0.9376899696048632
47 3 0.9746154328187306 0.9414893617021277
48 0 0.9798440933227539 0.9475683890577508
48 1 0.977286054690679 0.9506079027355623
48 2 0.977533440788587 0.9437689969604863
48 3 0.9751112649838131 0.9513677811550152
49 0 0.9863386303186417 0.9574468085106383
49 1 0.9734150171279906 0.9430091185410334
49 2 0.9675337612628937 0.9544072948328267
49 3 0.9778893709182739 0.9506079027355623
50 0 0.9763678789138794 0.9582066869300911
50 1 0.9792290876309077 0.9544072948328267
50 2 0.9787452350060144 0.9468085106382979
50 3 0.9703563133875529 0.9399696048632219
51 0 0.9824734071890513 0.9521276595744681
51 1 0.9730874756971994 0.9369300911854104
51 2 0.9858263790607452 0.9498480243161094
51 3 0.9846778213977814 0.9506079027355623
52 0 0.9922800381978353 0.9559270516717325
52 1 0.9742495626211166 0.9460486322188449
52 2 0.9859909435113271 0.9399696048632219
52 3 0.9738659302393595 0.9452887537993921
53 0 0.9720447301864624 0.9566869300911854
53 1 0.9810337771972021 0.9483282674772037
53 2 0.9744657258192698 0.9551671732522796
53 3 0.9839804927508036 0.9513677811550152
54 0 1.024629217386246 0.9475683890577508
54 1 0.9747398952643076 0.9513677811550152
54 2 0.9612570295731226 0.9566869300911854
54 3 0.966026238600413 0.9475683890577508
55 0 0.9712623327970504 0.952887537993921
55 1 0.9661720722913743 0.9445288753799392
55 2 0.9641870111227036 0.9452887537993921
55 3 0.9689405759175618 0.9498480243161094
56 0 1.011134248971939 0.9506079027355623
56 1 0.9683882534503936 0.9430091185410334
56 2 0.9682474146286647 0.9551671732522796
56 3 0.9656980852286021 0.9513677811550152
57 0 0.9765483965476354 0.9498480243161094
57 1 0.9602488825718561 0.9582066869300911
57 2 0.9921573072671891 0.9452887537993921
57 3 0.9686236202716827 0.9521276595744681
58 0 1.001461363832156 0.9604863221884499
58 1 0.9763410439093908 0.9513677811550152
58 2 0.9704184263944626 0.9475683890577508
58 3 0.969373369216919 0.9635258358662614
59 0 0.9790376017491023 0.9551671732522796
59 1 0.9708074778318405 0.9566869300911854
59 2 0.9648310293753942 0.9559270516717325
59 3 0.9715871969858805 0.9399696048632219
60 0 1.0330192764600117 0.9574468085106383
60 1 0.9639673421780267 0.9513677811550152
60 2 0.9758819848299026 0.9521276595744681
60 3 0.9688009709119797 0.952887537993921
61 0 0.9845330029726028 0.958966565349544
61 1 0.965259478489558 0.9544072948328267
61 2 0.9660361349582672 0.9521276595744681
61 3 0.96057883699735 0.9551671732522796
62 0 0.9920794278383256 0.9536474164133738
62 1 0.9691153953472773 0.9506079027355623
62 2 0.9884932855765025 0.9468085106382979
62 3 0.9740122228860855 0.9445288753799392
63 0 0.9752062131961187 0.9551671732522796
63 1 0.9684927582740784 0.9452887537993921
63 2 0.9709707349538803 0.9551671732522796
63 3 1.0022392451763154 0.9232522796352584
64 0 0.9845191836357117 0.9582066869300911
64 1 0.9712947438160577 0.9498480243161094
64 2 0.9830797413984935 0.9407294832826748
64 3 0.9631428589423499 0.9536474164133738
65 0 0.9776274174451829 0.9627659574468085
65 1 0.9723576118548711 0.9498480243161094
65 2 0.9629518508911132 0.9574468085106383
65 3 0.9762378762165704 0.9536474164133738
66 0 0.9749315311511357 0.9582066869300911
66 1 0.9688520510991414 0.9566869300911854
66 2 0.9673044125239054 0.9574468085106383
66 3 0.9730927020311355 0.9452887537993921
67 0 0.9728077292442322 0.9551671732522796
67 1 0.9681536674499512 0.9559270516717325
67 2 0.9729750553766887 0.958966565349544
67 3 0.9706097374359767 0.9574468085106383
68 0 0.9964044044415157 0.9551671732522796
68 1 0.9619704167048136 0.9544072948328267
68 2 0.9621081948280334 0.9544072948328267
68 3 0.9661880870660147 0.9612462006079028
69 0 0.971232000986735 0.9612462006079028
69 1 0.971308316787084 0.9452887537993921
69 2 0.9592236797014873 0.9620060790273556
69 3 0.9687366157770156 0.9574468085106383
70 0 0.993355534474055 0.9513677811550152
70 1 0.9765530804793039 0.9285714285714286
70 2 0.9648027906815212 0.9642857142857143
70 3 0.966636327902476 0.9604863221884499
71 0 0.9775220453739166 0.9582066869300911
71 1 0.962124902009964 0.9544072948328267
71 2 0.9582827160755794 0.9574468085106383
71 3 0.9686603317658107 0.9574468085106383
72 0 0.9862136781215667 0.9559270516717325
72 1 0.9656770924727122 0.9612462006079028
72 2 0.9550698677698771 0.958966565349544
72 3 0.9636891941229502 0.952887537993921
73 0 0.9862037877241769 0.9521276595744681
73 1 0.9659094472726186 0.9566869300911854
73 2 0.952689790725708 0.9612462006079028
73 3 0.9708649565776188 0.9566869300911854
74 0 0.988044265906016 0.959726443768997
74 1 0.9682141115268071 0.959726443768997
74 2 0.9584658106168111 0.952887537993921
74 3 0.9690151274204254 0.9521276595744681
75 0 0.9771167536576589 0.959726443768997
75 1 0.9742646247148514 0.9582066869300911
75 2 0.9557535737752915 0.959726443768997
75 3 0.9736590822537741 0.9498480243161094
76 0 0.9771584997574488 0.9551671732522796
76 1 0.9763488511244456 0.9506079027355623
76 2 0.9730021129051845 0.9536474164133738
76 3 0.9776575525601705 0.9430091185410334
77 0 0.9958701978127162 0.9582066869300911
77 1 0.9608376105626424 0.9612462006079028
77 2 0.9647194564342498 0.9551671732522796
77 3 0.9701978454987208 0.9566869300911854
78 0 0.9671980192263921 0.9627659574468085
78 1 0.9673190534114837 0.959726443768997
78 2 0.9683703064918517 0.9559270516717325
78 3 0.9609680195649464 0.9620060790273556
79 0 0.9785613646109899 0.9650455927051672
79 1 0.9596657315889995 0.9582066869300911
79 2 0.959929754336675 0.9483282674772037
79 3 0.9685936113198598 0.9574468085106383
80 0 0.9689218997955322 0.9635258358662614
80 1 0.9763360460599264 0.9468085106382979
80 2 0.9568201919396718 0.9612462006079028
80 3 0.9673160543044408 0.958966565349544
81 0 1.000596817334493 0.9574468085106383
81 1 0.9562642385562261 0.9620060790273556
81 2 0.9559645960728327 0.9650455927051672
81 3 0.9546216726303101 0.9665653495440729
82 0 0.9742744376262029 0.9635258358662614
82 1 0.9589959114789963 0.9544072948328267
82 2 0.9717809498310089 0.9582066869300911
82 3 0.9606145977973939 0.9582066869300911
83 0 0.9955454518397648 0.9574468085106383
83 1 0.9569269567728043 0.9642857142857143
83 2 0.9645401070515315 0.96580547112462
83 3 0.9611175904671352 0.959726443768997
84 0 0.973907059431076 0.9604863221884499
84 1 0.9576083938280742 0.952887537993921
84 2 0.9619854778051377 0.9620060790273556
84 3 0.9649938434362412 0.958966565349544
85 0 0.9649633556604387 0.959726443768997
85 1 0.9640821009874343 0.959726443768997
85 2 0.9640276491641998 0.9551671732522796
85 3 0.9594917366902034 0.9612462006079028
86 0 0.9782419870297114 0.9604863221884499
86 1 0.9625442842642467 0.9551671732522796
86 2 0.9670459191004435 0.9536474164133738
86 3 0.9599137544631959 0.9574468085106383
87 0 0.9630090246597927 0.952887537993921
87 1 0.9657963265975316 0.9574468085106383
87 2 0.9718391487995783 0.9369300911854104
87 3 0.9688723673423132 0.9673252279635258
88 0 0.9831180065870284 0.959726443768997
88 1 0.97512952486674 0.958966565349544
88 2 0.9585323413213094 0.959726443768997
88 3 0.9712865451971688 0.9506079027355623
89 0 0.9752159357070924 0.9620060790273556
89 1 0.9671101570129395 0.959726443768997
89 2 0.9654510219891866 0.9559270516717325
89 3 0.9564643561840058 0.9551671732522796
90 0 0.9689387947320939 0.9551671732522796
90 1 0.9732418239116669 0.9559270516717325
90 2 0.9613697608311971 0.9544072948328267
90 3 0.9739454954862595 0.9506079027355623
91 0 0.9664022246996562 0.958966565349544
91 1 0.9562138050794602 0.9612462006079028
91 2 0.9577631751696268 0.959726443768997
91 3 0.9574650476376215 0.9612462006079028
92 0 0.984204309185346 0.958966565349544
92 1 0.9638816316922506 0.9627659574468085
92 2 0.9516072611014048 0.9574468085106383
92 3 0.9524648696184159 0.959726443768997
93 0 0.9637662003437678 0.9642857142857143
93 1 0.9533980627854666 0.9620060790273556
93 2 0.9584986905256907 0.9566869300911854
93 3 0.9605986982583999 0.958966565349544
94 0 1.0412715802590053 0.9627659574468085
94 1 0.9541748036940892 0.9566869300911854
94 2 0.9662547638018926 0.9559270516717325
94 3 0.9737113753954569 0.9604863221884499
95 0 0.9646460304657618 0.9536474164133738
95 1 0.9529637058575948 0.9635258358662614
95 2 0.9607983827590942 0.9635258358662614
95 3 0.9585216929515203 0.959726443768997
96 0 1.0003297050793964 0.9620060790273556
96 1 0.9613471070925395 0.9604863221884499
96 2 0.9605802863836288 0.9536474164133738
96 3 0.9691870898008347 0.959726443768997
97 0 0.961530014872551 0.9604863221884499
97 1 0.9528292367855707 0.9627659574468085
97 2 0.9524234414100646 0.9566869300911854
97 3 0.9546624104181924 0.9620060790273556
98 0 0.9837024331092834 0.9627659574468085
98 1 0.9516578118006388 0.9627659574468085
98 2 0.9547651062409084 0.9551671732522796
98 3 0.9629504303137462 0.9513677811550152
99 0 0.9677270581324895 0.9642857142857143
99 1 0.968909810980161 0.9551671732522796
99 2 0.9661539455254873 0.96580547112462
99 3 0.9622434645891189 0.9627659574468085
