0 0 1.5555053750673928 0.5364741641337386
0 1 1.4642341683308282 0.5752279635258358
0 2 1.3953788181145987 0.5737082066869301
0 3 1.3546528667211533 0.574468085106383
0 4 1.3330963750680287 0.5775075987841946
0 5 1.3251227537790933 0.6534954407294833
0 6 1.31317238509655 0.6998480243161094
0 7 1.296857327222824 0.6382978723404256
0 8 1.290216823418935 0.5866261398176292
0 9 1.2790206124385197 0.6793313069908815
1 0 1.4117275724808374 0.6458966565349544
1 1 1.3300279825925827 0.648176291793313
1 2 1.319094677766164 0.6276595744680851
1 3 1.2855059752861657 0.6504559270516718
1 4 1.2964489559332528 0.6671732522796353
1 5 1.2660916497310002 0.6603343465045592
1 6 1.2693782846132913 0.6618541033434651
1 7 1.2467168817917507 0.6922492401215805
1 8 1.2452639440695443 0.7272036474164134
1 9 1.234658382833004 0.7340425531914894
2 0 1.298049623767535 0.7006079027355623
2 1 1.2755066653092701 0.7545592705167173
2 2 1.2313013921181362 0.6778115501519757
2 3 1.2030488848686218 0.8047112462006079
2 4 1.1726623227198918 0.7849544072948328
2 5 1.1646297822395961 0.8404255319148937
2 6 1.1477794398864112 0.8297872340425532
2 7 1.130778965850671 0.8290273556231003
2 8 1.1329823210835457 0.8396656534954408
2 9 1.0947944174210231 0.8396656534954408
3 0 1.2532443702220917 0.8305471124620061
3 1 1.1887283747394881 0.770516717325228
3 2 1.155448074142138 0.8229483282674772
3 3 1.145279921591282 0.8533434650455927
3 4 1.111907420059045 0.8419452887537994
3 5 1.1111545438567796 0.8487841945288754
3 6 1.1030947019656498 0.8601823708206687
3 7 1.125759134689967 0.8434650455927052
3 8 1.089800332983335 0.8639817629179332
3 9 1.1056884552041688 0.8556231003039514
4 0 1.1479823514819145 0.8655015197568389
4 1 1.1396337449550629 0.7803951367781155
4 2 1.088979442914327 0.8351063829787234
4 3 1.0841352865099907 0.8624620060790273
4 4 1.0969742859403293 0.8586626139817629
4 5 1.0682811265190444 0.8617021276595744
4 6 1.0865201453367868 0.8465045592705167
4 7 1.0739089846611023 0.8655015197568389
4 8 1.0771783317128818 0.8442249240121581
4 9 1.0669432679812114 0.8601823708206687
5 0 1.133951152364413 0.871580547112462
5 1 1.0982660353183746 0.8047112462006079
5 2 1.0890463491280875 0.8290273556231003
5 3 1.0735425303379695 0.8943768996960486
5 4 1.0849868233005207 0.8639817629179332
5 5 1.072050688167413 0.8480243161094225
5 6 1.065015934407711 0.8844984802431611
5 7 1.0569680059949556 0.8617021276595744
5 8 1.035855526725451 0.8837386018237082
5 9 1.0439550951123238 0.8852583586626139
6 0 1.1481986343860626 0.8829787234042553
6 1 1.1165995001792908 0.8077507598784195
6 2 1.0784138093392055 0.851063829787234
6 3 1.069366710881392 0.8708206686930091
6 4 1.0725641995668411 0.8351063829787234
6 5 1.0738261366883912 0.8487841945288754
6 6 1.053479164838791 0.8958966565349544
6 7 1.0669684807459512 0.8495440729483282
6 8 1.0555898621678352 0.8958966565349544
6 9 1.0512690568963687 0.898936170212766
7 0 1.0900161862373352 0.8662613981762918
7 1 1.0725810701648393 0.8601823708206687
7 2 1.051409088075161 0.8890577507598785
7 3 1.0499473586678505 0.8958966565349544
7 4 1.0446050489942234 0.8875379939209727
7 5 1.0571645696957908 0.8837386018237082
7 6 1.0424740612506866 0.8761398176291794
7 7 1.0355737606684368 0.8761398176291794
7 8 1.0536664153138797 0.8685410334346505
7 9 1.0453879510362942 0.8943768996960486
8 0 1.0864336714148521 0.8852583586626139
8 1 1.0647879615426064 0.85790273556231
8 2 1.02970094482104 0.8700607902735562
8 3 1.05344374726216 0.8928571428571429
8 4 1.0460454473892846 0.8852583586626139
8 5 1.042280413210392 0.8799392097264438
8 6 1.0361798430482547 0.9027355623100304
8 7 1.043129712343216 0.9004559270516718
8 8 1.0193971941868465 0.8844984802431611
8 9 1.0261263996362686 0.8799392097264438
9 0 1.1216986924409866 0.8951367781155015
9 1 1.0801754270990689 0.878419452887538
9 2 1.0370418106516204 0.8829787234042553
9 3 1.0273136347532272 0.9057750759878419
9 4 1.0225147555271785 0.9042553191489362
9 5 1.0379490007956822 0.9027355623100304
9 6 1.0326210707426071 0.9027355623100304
9 7 1.0312710305054984 0.9034954407294833
9 8 1.0244681661327681 0.8860182370820668
9 9 1.0366554483771324 0.898936170212766
