0 0 1.4689325332641603 0.5805471124620061
0 1 1.3315115769704182 0.5714285714285714
0 2 1.3090197185675303 0.6033434650455927
0 3 1.302063673734665 0.6907294832826748
0 4 1.3275201857089995 0.648936170212766
0 5 1.3083569308121998 0.6740121580547113
0 6 1.3157098134358725 0.6785714285714286
0 7 1.2739789168039959 0.6747720364741642
0 8 1.2874226689338684 0.6952887537993921
0 9 1.2814889093240103 0.7006079027355623
1 0 1.2439129849274952 0.8442249240121581
1 1 1.2514091630776725 0.7370820668693009
1 2 1.2138794044653576 0.7310030395136778
1 3 1.1994224975506464 0.7378419452887538
1 4 1.2137921233971913 0.7484802431610942
1 5 1.1844809035460155 0.7515197568389058
1 6 1.1922302206357318 0.7530395136778115
1 7 1.1636001894871395 0.7591185410334347
1 8 1.2066750874121983 0.7454407294832827
1 9 1.1682029177745183 0.7591185410334347
2 0 1.1879972577095033 0.7826747720364742
2 1 1.145727562904358 0.8487841945288754
2 2 1.1074934164683023 0.8472644376899696
2 3 1.1059203277031582 0.8335866261398176
2 4 1.102813215057055 0.851823708206687
2 5 1.1163024753332138 0.8503039513677811
2 6 1.0840106487274168 0.8449848024316109
2 7 1.0705114682515462 0.8533434650455927
2 8 1.0939110825459162 0.8594224924012158
2 9 1.0717890232801437 0.8829787234042553
3 0 1.1271414975325267 0.8806990881458967
3 1 1.0792504539092382 0.9034954407294833
3 2 1.0467230528593063 0.8966565349544073
3 3 1.0504799673954648 0.8974164133738601
3 4 1.0307273576656977 0.9004559270516718
3 5 1.033366643389066 0.9088145896656535
3 6 1.0344346592823666 0.9095744680851063
3 7 1.0230822215477626 0.9118541033434651
3 8 1.031262578566869 0.9156534954407295
3 9 1.0170037657022477 0.9209726443768997
4 0 1.1124389588832857 0.9088145896656535
4 1 1.0340889354546865 0.9110942249240122
4 2 1.033476401368777 0.9012158054711246
4 3 1.025768859187762 0.9072948328267477
4 4 1.0103779832522075 0.9072948328267477
4 5 1.0164145797491073 0.925531914893617
4 6 1.014280672868093 0.9156534954407295
4 7 1.0113270709911983 0.925531914893617
4 8 1.025739652911822 0.918693009118541
4 9 1.0045872668425242 0.925531914893617
5 0 1.0665709018707275 0.9133738601823708
5 1 1.0240093449751537 0.9232522796352584
5 2 1.0165546844402948 0.9232522796352584
5 3 1.0096342196067174 0.9278115501519757
5 4 1.0115738809108734 0.925531914893617
5 5 1.0141705880562464 0.918693009118541
5 6 1.0121777613957723 0.9262917933130699
5 7 1.001004340251287 0.9247720364741642
5 8 1.0146615813175837 0.9095744680851063
5 9 1.0049715558687846 0.9270516717325228
6 0 1.0831340332825978 0.918693009118541
6 1 1.006396006544431 0.9232522796352584
6 2 1.0180618981520335 0.9156534954407295
6 3 0.99532417456309 0.9270516717325228
6 4 1.002949454387029 0.9285714285714286
6 5 1.0159135997295379 0.9247720364741642
6 6 0.994627978404363 0.9316109422492401
6 7 0.9997204730908076 0.9285714285714286
6 8 1.0115738838911057 0.9270516717325228
6 9 0.9990415275096893 0.9285714285714286
7 0 1.0709758589665095 0.9088145896656535
7 1 1.014126992225647 0.9088145896656535
7 2 1.0005591670672098 0.9285714285714286
7 3 1.006607453028361 0.9240121580547113
7 4 0.9987927079200745 0.9270516717325228
7 5 1.0020051956176759 0.9278115501519757
7 6 1.0059233754873276 0.9300911854103343
7 7 0.9983440220355987 0.9240121580547113
7 8 0.9996549695730209 0.9285714285714286
7 9 0.9938834736744563 0.9354103343465046
8 0 1.0635787179072698 0.9179331306990881
8 1 1.0015909403562546 0.9262917933130699
8 2 1.0018413633108139 0.9293313069908815
8 3 1.0082758516073227 0.9285714285714286
8 4 1.0042237768570583 0.925531914893617
8 5 1.0061179767052333 0.9308510638297872
8 6 1.0059516469637555 0.9278115501519757
8 7 0.9992490986982981 0.9308510638297872
8 8 1.0106267521778745 0.9209726443768997
8 9 1.0020240912834804 0.925531914893617
9 0 1.0378107378880181 0.9247720364741642
9 1 1.0022049993276596 0.9285714285714286
9 2 0.9969752381245296 0.9331306990881459
9 3 0.9912595003843307 0.9308510638297872
9 4 0.9946063101291657 0.9300911854103343
9 5 0.9958940486113231 0.9300911854103343
9 6 0.9947996040185292 0.9278115501519757
9 7 0.9941740204890569 0.9369300911854104
9 8 0.9892001261313756 0.9338905775075987
9 9 0.9883841395378112 0.9293313069908815
10 0 1.05446035861969 0.9171732522796353
10 1 1.0143986970186234 0.9171732522796353
10 2 0.9998536775509516 0.925531914893617
10 3 0.9914535522460937 0.9270516717325228
10 4 0.9967468172311783 0.9293313069908815
10 5 0.9921688089768091 0.932370820668693
10 6 0.9874402890602747 0.9270516717325228
10 7 0.9910464257001876 0.932370820668693
10 8 1.0001128107309343 0.9300911854103343
10 9 0.9907675007979075 0.9361702127659575
11 0 1.0321286429961523 0.9293313069908815
11 1 1.0010227451721827 0.9331306990881459
11 2 1.0012118846178055 0.932370820668693
11 3 0.9907654563585917 0.9300911854103343
11 4 0.9964818149805069 0.9346504559270516
11 5 0.9853078921635946 0.9300911854103343
11 6 1.002028187115987 0.9308510638297872
11 7 0.9947052747011185 0.9361702127659575
11 8 1.0014316469430922 0.9293313069908815
11 9 0.985866046945254 0.9338905775075987
12 0 1.0320322463909783 0.9247720364741642
12 1 0.9938780784606933 0.9308510638297872
12 2 0.995263816912969 0.9300911854103343
12 3 0.992443319161733 0.9316109422492401
12 4 0.9937341392040252 0.9240121580547113
12 5 0.9865295658508937 0.9338905775075987
12 6 0.987145088116328 0.9361702127659575
12 7 0.9878155042727789 0.9361702127659575
12 8 0.995896718899409 0.9361702127659575
12 9 1.0020985106627145 0.9164133738601824
13 0 1.0369852423667907 0.918693009118541
13 1 1.0147483766078949 0.9278115501519757
13 2 0.9930555582046509 0.9285714285714286
13 3 0.9920675019423167 0.9278115501519757
13 4 0.9892170190811157 0.9354103343465046
13 5 0.9852786183357239 0.9308510638297872
13 6 1.0014015018939972 0.9202127659574468
13 7 0.98678979575634 0.9338905775075987
13 8 0.9805531799793243 0.9346504559270516
13 9 0.9908973356088002 0.9361702127659575
14 0 1.0501710365215937 0.9293313069908815
14 1 1.004370563228925 0.925531914893617
14 2 0.9875918328762054 0.9338905775075987
14 3 0.9828084955612818 0.9346504559270516
14 4 1.000808024406433 0.9224924012158054
14 5 0.9898119221131007 0.9361702127659575
14 6 0.9950504889090855 0.9338905775075987
14 7 0.9831635018189747 0.939209726443769
14 8 0.9888969401518504 0.9369300911854104
14 9 0.9856631884972255 0.9300911854103343
15 0 1.0321837713321051 0.9316109422492401
15 1 0.9935683965682983 0.9354103343465046
15 2 0.9872330993413925 0.9338905775075987
15 3 0.9835508545239766 0.9376899696048632
15 4 0.9884319355090461 0.9331306990881459
15 5 0.9910867969195047 0.9346504559270516
15 6 0.9915866424640021 0.9308510638297872
15 7 0.9859192301829657 0.9384498480243161
15 8 0.9867784092823664 0.9369300911854104
15 9 0.9830255468686422 0.9376899696048632
16 0 1.0472898016373315 0.9331306990881459
16 1 0.9917405078808468 0.9369300911854104
16 2 0.9935098091761271 0.932370820668693
16 3 0.9942368815342586 0.9369300911854104
16 4 1.0101815660794577 0.9300911854103343
16 5 0.984731071194013 0.9338905775075987
16 6 0.9906128456195196 0.9376899696048632
16 7 0.9875958591699601 0.9422492401215805
16 8 0.9885473897059759 0.9278115501519757
16 9 0.9861158063014348 0.9430091185410334
17 0 1.0183395196994147 0.9278115501519757
17 1 0.9951884498198827 0.9308510638297872
17 2 0.9818118592103322 0.932370820668693
17 3 0.988639826575915 0.925531914893617
17 4 0.9843203713496527 0.9422492401215805
17 5 0.9867080926895141 0.939209726443769
17 6 0.9803726762533189 0.9384498480243161
17 7 0.9746845801671346 0.9399696048632219
17 8 0.9818010618289312 0.9422492401215805
17 9 0.9877834548552831 0.9414893617021277
18 0 1.0448925654093424 0.9346504559270516
18 1 1.0007035295168558 0.9338905775075987
18 2 0.992466429869334 0.9376899696048632
18 3 0.9926342219114304 0.932370820668693
18 4 0.986896327137947 0.9354103343465046
18 5 0.9773141016562781 0.9399696048632219
18 6 0.9916397631168365 0.9460486322188449
18 7 0.9815379093090694 0.9483282674772037
18 8 0.9761939465999603 0.9475683890577508
18 9 0.9838304748137792 0.9384498480243161
19 0 1.0318645755449931 0.9338905775075987
19 1 0.9821777572234471 0.9399696048632219
19 2 0.9913408319155375 0.9468085106382979
19 3 0.9840182264645895 0.9460486322188449
19 4 0.9815766751766204 0.9437689969604863
19 5 0.9785899410645167 0.9445288753799392
19 6 0.9863111972808837 0.9452887537993921
19 7 0.9778589367866516 0.9475683890577508
19 8 0.9861742913722991 0.9475683890577508
19 9 0.9806746850411098 0.9445288753799392
20 0 1.040115159749985 0.9331306990881459
20 1 0.9941511948903402 0.9316109422492401
20 2 0.9858030408620835 0.9361702127659575
20 3 0.9803549041350683 0.9422492401215805
20 4 0.9840191453695297 0.9399696048632219
20 5 0.9814965079228084 0.9376899696048632
20 6 0.9828616261482239 0.9430091185410334
20 7 0.9688605169455211 0.9468085106382979
20 8 0.9783634543418884 0.9452887537993921
20 9 0.9838937550783158 0.9407294832826748
21 0 1.0294266571601232 0.9308510638297872
21 1 1.0008707165718078 0.9437689969604863
21 2 0.978001418709755 0.9414893617021277
21 3 0.9912019938230514 0.9475683890577508
21 4 0.972852314511935 0.9460486322188449
21 5 0.9833119094371796 0.9376899696048632
21 6 0.9759397357702255 0.9468085106382979
21 7 0.9873784174521765 0.9437689969604863
21 8 0.9826813290516536 0.9468085106382979
21 9 0.9769177109003067 0.9475683890577508
22 0 1.0167592237393062 0.9338905775075987
22 1 0.9926726192235946 0.9346504559270516
22 2 0.9883196999629338 0.9445288753799392
22 3 0.9858537594477337 0.9490881458966566
22 4 0.9779695371786753 0.9414893617021277
22 5 0.9807966560125351 0.9498480243161094
22 6 0.9805344899495444 0.9468085106382979
22 7 0.9803262104590733 0.9468085106382979
22 8 0.9735231012105942 0.9483282674772037
22 9 0.972747340798378 0.9452887537993921
23 0 1.0095931500196458 0.9361702127659575
23 1 0.9931526482105255 0.9331306990881459
23 2 0.977475576599439 0.9384498480243161
23 3 0.9808306932449341 0.9513677811550152
23 4 0.9761896500984827 0.9498480243161094
23 5 0.9819470415512721 0.9445288753799392
23 6 0.9745508968830108 0.9483282674772037
23 7 0.9744776964187623 0.9490881458966566
23 8 0.9773904730876287 0.9475683890577508
23 9 0.9715282648801804 0.9483282674772037
24 0 1.0369815518458685 0.9376899696048632
24 1 0.9940029333035152 0.9452887537993921
24 2 0.9797519087791443 0.9452887537993921
24 3 0.9776805828015009 0.9483282674772037
24 4 0.97280037800471 0.9513677811550152
24 5 0.9815677513678869 0.9468085106382979
24 6 0.9736072023709615 0.9452887537993921
24 7 0.9810723006725312 0.9498480243161094
24 8 0.9693590313196182 0.9475683890577508
24 9 0.9755066444476446 0.9460486322188449
25 0 1.0140010426441828 0.9407294832826748
25 1 0.9980566163857778 0.9399696048632219
25 2 0.9710320850213368 0.9513677811550152
25 3 0.9752539863189061 0.9506079027355623
25 4 0.9733103394508362 0.9483282674772037
25 5 0.9669607281684875 0.9513677811550152
25 6 0.9741464912891389 0.9460486322188449
25 7 0.9666375378767649 0.9483282674772037
25 8 0.9691579739252726 0.952887537993921
25 9 0.9727142016092936 0.9536474164133738
26 0 1.0090098828077316 0.9536474164133738
26 1 0.9945478111505508 0.9498480243161094
26 2 0.9716657121976215 0.9490881458966566
26 3 0.9762928148110707 0.9498480243161094
26 4 0.9711404889822007 0.952887537993921
26 5 0.973662762840589 0.9468085106382979
26 6 0.9685710221529007 0.9513677811550152
26 7 0.9733213722705841 0.9483282674772037
26 8 0.9713160107533136 0.9475683890577508
26 9 0.9675667991240819 0.9483282674772037
27 0 0.9961589962244034 0.9490881458966566
27 1 0.9797977338234584 0.9468085106382979
27 2 0.972530131538709 0.9536474164133738
27 3 0.9799628257751465 0.9521276595744681
27 4 0.9688287566105525 0.9536474164133738
27 5 0.9814557055632274 0.9544072948328267
27 6 0.97113818526268 0.9521276595744681
27 7 0.9768543769915898 0.9559270516717325
27 8 0.9733267605304717 0.9422492401215805
27 9 0.9708200782537462 0.9559270516717325
28 0 0.9970813602209091 0.9536474164133738
28 1 0.9816914439201354 0.9445288753799392
28 2 0.9731296350558599 0.952887537993921
28 3 0.9727271755536397 0.958966565349544
28 4 0.9708673437436423 0.9506079027355623
28 5 0.9804792076349258 0.9506079027355623
28 6 0.9709331472714742 0.9551671732522796
28 7 0.9726476907730103 0.9521276595744681
28 8 0.9671931227048237 0.9559270516717325
28 9 0.9670922915140787 0.9544072948328267
29 0 1.0087981750567754 0.952887537993921
29 1 0.9878986487785975 0.9536474164133738
29 2 0.9686559647321701 0.9544072948328267
29 3 0.9698830515146255 0.9544072948328267
29 4 0.9742358545462291 0.9559270516717325
29 5 0.9609429746866227 0.9566869300911854
29 6 0.9673974702755609 0.9551671732522796
29 7 0.9689543426036835 0.9574468085106383
29 8 0.962660680214564 0.9604863221884499
29 9 0.9598588238159815 0.9627659574468085
