0 0 1.3800745954116185 0.5767477203647416
0 1 1.3588385432958603 0.6231003039513677
0 2 1.3701849430799484 0.574468085106383
0 3 1.325355346004168 0.5782674772036475
0 4 1.3294432063897452 0.5737082066869301
0 5 1.359520231684049 0.5752279635258358
0 6 1.3229575554529824 0.5820668693009119
0 7 1.3281817883253098 0.581306990881459
0 8 1.3400264034668603 0.574468085106383
0 9 1.3886709809303284 0.5775075987841946
1 0 1.4733469237883887 0.6542553191489362
1 1 1.3355804483095803 0.587386018237082
1 2 1.353853926062584 0.6428571428571429
1 3 1.2786747962236404 0.6876899696048632
1 4 1.3146782318751016 0.6724924012158054
1 5 1.2842869410912197 0.6565349544072948
1 6 1.230503040055434 0.6861702127659575
1 7 1.2858702788750331 0.6816109422492401
1 8 1.2221393833557765 0.6968085106382979
1 9 1.2998094062010448 0.6983282674772037
2 0 1.3163045992453892 0.7446808510638298
2 1 1.2704557031393051 0.8062310030395137
2 2 1.1834325368205707 0.8024316109422492
2 3 1.1607142239809036 0.8092705167173252
2 4 1.1351563483476639 0.8024316109422492
2 5 1.1362894301613173 0.8047112462006079
2 6 1.1101289490858712 0.7993920972644377
2 7 1.1136770397424698 0.8183890577507599
2 8 1.1196044087409973 0.8145896656534954
2 9 1.1218190640211105 0.8138297872340425
3 0 1.1716043104728064 0.9012158054711246
3 1 1.0888896708687148 0.8632218844984803
3 2 1.0607443104187648 0.8791793313069909
3 3 1.0281713878115017 0.9019756838905775
3 4 1.0338061923782031 0.8996960486322189
3 5 1.0609591181079545 0.8685410334346505
3 6 1.0366547455390296 0.8647416413373861
3 7 1.0358843927582104 0.898936170212766
3 8 1.0270401512583098 0.8966565349544073
3 9 1.0456469530860582 0.8936170212765957
4 0 1.1565107454856238 0.8943768996960486
4 1 1.047517756621043 0.8996960486322189
4 2 1.0436205640435219 0.8890577507598785
4 3 1.053663598994414 0.8898176291793313
4 4 1.0178471406300864 0.9042553191489362
4 5 1.0296184147397676 0.9004559270516718
4 6 1.0294793273011842 0.9080547112462006
4 7 1.0239518334468207 0.9050151975683891
4 8 1.018117683629195 0.9088145896656535
4 9 1.024405154089133 0.9027355623100304
5 0 1.0718960960706077 0.8898176291793313
5 1 1.012089918057124 0.9012158054711246
5 2 1.0350062673290572 0.8761398176291794
5 3 1.0179620583852134 0.9057750759878419
5 4 1.0115225538611412 0.9110942249240122
5 5 1.0123410001397133 0.9050151975683891
5 6 1.0249835476279259 0.918693009118541
5 7 1.0157247483730316 0.9110942249240122
5 8 1.0169152791301408 0.9148936170212766
5 9 1.0169923876722655 0.9232522796352584
6 0 1.2214271227518716 0.8768996960486323
6 1 1.070673182606697 0.8966565349544073
6 2 1.0329952562848725 0.9050151975683891
6 3 1.024821529785792 0.8966565349544073
6 4 1.0251463055610657 0.898936170212766
6 5 1.0229362522562344 0.9133738601823708
6 6 1.0292740066846213 0.9019756838905775
6 7 1.0111855988701186 0.9141337386018237
6 8 1.0148570189873376 0.925531914893617
6 9 1.005947468181451 0.898176291793313
7 0 1.0609643931190171 0.9217325227963525
7 1 1.035621352493763 0.9088145896656535
7 2 1.0249128565192223 0.9019756838905775
7 3 1.018429383635521 0.9080547112462006
7 4 1.0095538074771564 0.9164133738601824
7 5 1.026043745378653 0.9133738601823708
7 6 1.032646047572295 0.9194528875379939
7 7 1.0229935248692832 0.9118541033434651
7 8 1.0113927870988846 0.9209726443768997
7 9 1.0161339913805327 0.9042553191489362
8 0 1.1400871748725574 0.9118541033434651
8 1 1.0496552661061287 0.8822188449848024
8 2 1.0252263471484184 0.9004559270516718
8 3 1.0170162642995515 0.9027355623100304
8 4 1.0216697106758752 0.8837386018237082
8 5 1.0250670288999875 0.9202127659574468
8 6 1.0065970917542777 0.9080547112462006
8 7 0.9995796183745067 0.9217325227963525
8 8 1.0218014468749366 0.8951367781155015
8 9 1.018995297451814 0.9278115501519757
9 0 1.0401416818300884 0.898176291793313
9 1 1.0174575373530388 0.8936170212765957
9 2 1.038704382876555 0.9050151975683891
9 3 1.0212632715702057 0.9012158054711246
9 4 1.0039067616065345 0.918693009118541
9 5 1.0054735044638317 0.9050151975683891
9 6 1.012112595140934 0.9232522796352584
9 7 0.9935257385174434 0.9278115501519757
9 8 0.991075299680233 0.9247720364741642
9 9 0.9892663136124611 0.9270516717325228
10 0 1.13139146566391 0.9141337386018237
10 1 1.0252162516117096 0.9072948328267477
10 2 1.013041084011396 0.9034954407294833
10 3 0.9994474723935127 0.9240121580547113
10 4 1.017701377471288 0.9285714285714286
10 5 1.0022139946619668 0.912613981762918
10 6 0.9936374252041181 0.9202127659574468
10 7 1.0096515864133835 0.9171732522796353
10 8 0.9972456594308218 0.9004559270516718
10 9 1.0051810617248218 0.8958966565349544
11 0 1.0447584067781766 0.9080547112462006
11 1 1.0031063879529634 0.9179331306990881
11 2 1.0090262666344643 0.9171732522796353
11 3 1.0059608171383538 0.9202127659574468
11 4 0.9882133553425472 0.9285714285714286
11 5 1.0033958405256271 0.9240121580547113
11 6 1.0002037410934768 0.9034954407294833
11 7 0.9925402676065762 0.9141337386018237
11 8 1.0052231773734093 0.9202127659574468
11 9 0.9873124758402506 0.9262917933130699
12 0 1.0890199020504951 0.9019756838905775
12 1 1.0082392816742263 0.9034954407294833
12 2 1.0082140490412712 0.9057750759878419
12 3 1.0072214727600417 0.9088145896656535
12 4 0.9913558661937714 0.918693009118541
12 5 0.9967421442270279 0.9179331306990881
12 6 1.0049585302670796 0.9240121580547113
12 7 0.9953223839402199 0.9103343465045592
12 8 0.9962791850169499 0.9316109422492401
12 9 1.0926576952139535 0.85790273556231
13 0 1.0787481640775998 0.8996960486322189
13 1 1.0088673780361812 0.9042553191489362
13 2 1.0177120193839073 0.9110942249240122
13 3 1.0117476979891458 0.9247720364741642
13 4 1.0048583621780076 0.9247720364741642
13 5 1.00171227256457 0.9270516717325228
13 6 0.9986518969138464 0.9278115501519757
13 7 1.0167077705264091 0.8996960486322189
13 8 0.9900663991769155 0.9270516717325228
13 9 0.9939710224668186 0.925531914893617
14 0 1.0664547781149545 0.918693009118541
14 1 1.007773108780384 0.9232522796352584
14 2 1.0036099577943483 0.9103343465045592
14 3 1.003029542664687 0.9285714285714286
14 4 0.9843145410219828 0.8913373860182371
14 5 0.9907133777936299 0.9171732522796353
14 6 0.9874157557884852 0.9270516717325228
14 7 0.9903508052229881 0.9293313069908815
14 8 1.0020669649044671 0.9278115501519757
14 9 0.9992856805523236 0.9232522796352584
15 0 1.0473311319947243 0.9247720364741642
15 1 1.0141483892997107 0.9202127659574468
15 2 1.0145775253574052 0.9209726443768997
15 3 1.0065348371863365 0.8958966565349544
15 4 0.9852098698417346 0.9270516717325228
15 5 1.0123461931943893 0.9194528875379939
15 6 0.9975255926450093 0.918693009118541
15 7 0.992096004386743 0.9232522796352584
15 8 0.9947835231820741 0.932370820668693
15 9 1.0052553787827492 0.9262917933130699
16 0 1.0378380368153253 0.9316109422492401
16 1 1.0284470419089 0.932370820668693
16 2 0.9879788011312485 0.9019756838905775
16 3 1.0108862618605294 0.8844984802431611
16 4 0.9861322616537411 0.925531914893617
16 5 1.0050054664413133 0.9179331306990881
16 6 0.9930859009424845 0.9156534954407295
16 7 0.9915285259485245 0.9278115501519757
16 8 0.9865914011994997 0.9270516717325228
16 9 0.988688143591086 0.9331306990881459
17 0 1.0731312334537506 0.9012158054711246
17 1 1.0011077796419463 0.9050151975683891
17 2 1.0185458610455196 0.8867781155015197
17 3 1.0067224676410356 0.9224924012158054
17 4 1.009706693391005 0.9209726443768997
17 5 1.0046914294362068 0.9293313069908815
17 6 0.9993697479367256 0.9133738601823708
17 7 0.9918500582377116 0.9308510638297872
17 8 0.9937484810749689 0.9179331306990881
17 9 0.9830093284447988 0.9369300911854104
18 0 1.0413785378138223 0.932370820668693
18 1 1.0088426296909652 0.9278115501519757
18 2 1.0070726796984673 0.9240121580547113
18 3 1.0129190633694332 0.9164133738601824
18 4 1.0026802842815719 0.9133738601823708
18 5 0.9967645133535067 0.939209726443769
18 6 0.9909024983644485 0.9376899696048632
18 7 0.9901046901941299 0.9171732522796353
18 8 1.0045821269353232 0.9384498480243161
18 9 0.9853407790263494 0.9293313069908815
19 0 1.0816340520977974 0.9194528875379939
19 1 1.013543208440145 0.9346504559270516
19 2 0.991114616394043 0.9202127659574468
19 3 0.9983173956473669 0.9194528875379939
19 4 0.9950801581144333 0.9270516717325228
19 5 0.9926366731524467 0.9285714285714286
19 6 0.9915411149462063 0.9224924012158054
19 7 0.98317518333594 0.9331306990881459
19 8 0.9868258982896805 0.9399696048632219
19 9 0.9870646993319194 0.9376899696048632
20 0 1.0450881073872247 0.9148936170212766
20 1 1.0073714902003605 0.9270516717325228
20 2 1.006500634054343 0.9232522796352584
20 3 1.0027382398645082 0.9399696048632219
20 4 0.9845423623919487 0.9331306990881459
20 5 0.9901401003201802 0.9338905775075987
20 6 0.9879434108734131 0.9437689969604863
20 7 0.9961603730916977 0.9422492401215805
20 8 1.0033197477459908 0.9088145896656535
20 9 0.988340308268865 0.9072948328267477
21 0 1.0695418889323869 0.9414893617021277
21 1 0.994504471619924 0.9361702127659575
21 2 1.015778514246146 0.9209726443768997
21 3 0.9879991784691811 0.9331306990881459
21 4 0.9886200626691183 0.9407294832826748
21 5 0.9843991994857788 0.9338905775075987
21 6 0.9808996692299843 0.9384498480243161
21 7 0.9839757531881332 0.9384498480243161
21 8 0.9935144806901614 0.9285714285714286
21 9 0.9872675860921543 0.9430091185410334
22 0 1.028395508726438 0.9278115501519757
22 1 0.9960252369443575 0.9414893617021277
22 2 0.9832126299540201 0.9422492401215805
22 3 1.0004555011789003 0.9369300911854104
22 4 0.9889065225919088 0.9407294832826748
22 5 0.98991659283638 0.9414893617021277
22 6 0.9885371228059132 0.9452887537993921
22 7 0.985413504143556 0.9384498480243161
22 8 0.9783343275388082 0.9407294832826748
22 9 0.9731790001193682 0.9437689969604863
23 0 1.0664273450771968 0.9202127659574468
23 1 1.027966988583406 0.9414893617021277
23 2 1.0107960179448128 0.9118541033434651
23 3 0.9992867261171341 0.8913373860182371
23 4 0.9945003514488538 0.9376899696048632
23 5 0.9970690483848254 0.9407294832826748
23 6 0.9859531124432881 0.9346504559270516
23 7 0.9905996769666672 0.9361702127659575
23 8 0.9906327376763026 0.9468085106382979
23 9 0.9806996782620748 0.9407294832826748
24 0 1.013414037724336 0.9300911854103343
24 1 0.9814718191822369 0.9278115501519757
24 2 0.9914474238952 0.9300911854103343
24 3 0.9926906873782476 0.9346504559270516
24 4 0.9829910919070244 0.9460486322188449
24 5 0.9928284883499146 0.9194528875379939
24 6 1.0015324826041856 0.9164133738601824
24 7 0.9722731485962868 0.9468085106382979
24 8 0.9729440435767174 0.9460486322188449
24 9 0.9749622245629628 0.9460486322188449
25 0 1.0174979070822396 0.9414893617021277
25 1 0.9716285963853201 0.9430091185410334
25 2 0.9753527243932087 0.9065349544072948
25 3 0.9818546871344249 0.9414893617021277
25 4 0.9880637725194296 0.9483282674772037
25 5 0.9887469882766406 0.9316109422492401
25 6 0.9745007281502088 0.9460486322188449
25 7 0.9752991696198781 0.9468085106382979
25 8 0.9735471854607264 0.9559270516717325
25 9 0.9786563540498415 0.9582066869300911
26 0 1.025563863416513 0.9437689969604863
26 1 0.9827718933423361 0.9369300911854104
26 2 1.0032852788766227 0.9460486322188449
26 3 0.9843071177601814 0.932370820668693
26 4 0.9792314370473225 0.9354103343465046
26 5 0.9751504982511203 0.9483282674772037
26 6 0.9768162419398625 0.9407294832826748
26 7 0.9833417957027754 0.9475683890577508
26 8 0.9704365258415539 0.939209726443769
26 9 0.9748534386356671 0.9430091185410334
27 0 1.0218052392204604 0.9437689969604863
27 1 1.0020806888739267 0.9452887537993921
27 2 0.9926176965236665 0.9034954407294833
27 3 0.9848324830333393 0.9376899696048632
27 4 0.9955512881278992 0.9475683890577508
27 5 0.9946229706207911 0.9308510638297872
27 6 0.9862349728743235 0.9293313069908815
27 7 0.9754652107755343 0.9468085106382979
27 8 0.9706980486710867 0.9483282674772037
27 9 0.9823367223143578 0.9369300911854104
28 0 1.075999272366365 0.9202127659574468
28 1 0.9986863136291504 0.9399696048632219
28 2 0.986828034122785 0.9407294832826748
28 3 0.9876104568441708 0.9468085106382979
28 4 0.9811081190903981 0.9354103343465046
28 5 0.9723230476180713 0.9346504559270516
28 6 0.9848327711224556 0.9346504559270516
28 7 0.9821246117353439 0.9452887537993921
28 8 0.9856250410278637 0.939209726443769
28 9 0.9845739329854648 0.9452887537993921
29 0 1.0142001683513322 0.9422492401215805
29 1 0.9759256963928541 0.9285714285714286
29 2 0.9738425090909004 0.9437689969604863
29 3 0.9836273317535719 0.9316109422492401
29 4 0.9792357906699181 0.9452887537993921
29 5 0.9782914941509565 0.958966565349544
29 6 0.9772378404935201 0.959726443768997
29 7 0.978131853044033 0.9437689969604863
29 8 0.9718785261114439 0.9506079027355623
29 9 0.9768568550546963 0.9460486322188449
30 0 1.0090673367182414 0.9354103343465046
30 1 0.9861249327659607 0.9422492401215805
30 2 0.980056069791317 0.9498480243161094
30 3 0.9918964356184006 0.9369300911854104
30 4 0.9797358388702075 0.9148936170212766
30 5 0.9885596161087353 0.952887537993921
30 6 0.9842268973588943 0.952887537993921
30 7 0.9715130080779393 0.9559270516717325
30 8 0.9853567108511925 0.9445288753799392
30 9 0.9614835927883785 0.9490881458966566
31 0 1.0130975097417831 0.9521276595744681
31 1 0.9878506238261858 0.9490881458966566
31 2 0.9778561741113663 0.9536474164133738
31 3 0.9818245942393939 0.952887537993921
31 4 0.9805896083513896 0.9475683890577508
31 5 0.9732440238197644 0.9559270516717325
31 6 0.9740421399474144 0.952887537993921
31 7 0.9825142746170361 0.9468085106382979
31 8 0.9766456633806229 0.9536474164133738
31 9 0.9733138034741083 0.9506079027355623
32 0 1.0043774421016376 0.9536474164133738
32 1 0.9893761202692986 0.9452887537993921
32 2 0.9744034732381502 0.9483282674772037
32 3 0.9776059240102768 0.9483282674772037
32 4 0.9726178993781407 0.9490881458966566
32 5 0.9753496299187342 0.952887537993921
32 6 0.9744937817255657 0.952887537993921
32 7 0.9672622283299763 0.9566869300911854
32 8 0.9833324973781904 0.952887537993921
32 9 0.9702530180414517 0.9521276595744681
33 0 0.9962691466013591 0.9506079027355623
33 1 0.9653110578656197 0.9506079027355623
33 2 0.9727422545353571 0.9513677811550152
33 3 0.9761283993721008 0.9536474164133738
33 4 0.9787260368466377 0.9506079027355623
33 5 0.9760231475035349 0.9430091185410334
33 6 0.9848232269287109 0.9536474164133738
33 7 0.9700885862112045 0.9566869300911854
33 8 0.9762373045086861 0.958966565349544
33 9 0.9716714844107628 0.9468085106382979
34 0 1.0148990228772163 0.9384498480243161
34 1 0.9648944785197575 0.9460486322188449
34 2 0.9690727020303408 0.9506079027355623
34 3 0.9670060699184735 0.9452887537993921
34 4 0.9736004521449406 0.9544072948328267
34 5 0.974056248863538 0.9574468085106383
34 6 0.9659358461697896 0.9559270516717325
34 7 0.9745086456338564 0.9506079027355623
34 8 0.9721822167436281 0.952887537993921
34 9 0.9773010611534119 0.9468085106382979
35 0 1.0063651526967683 0.9361702127659575
35 1 0.974569690724214 0.9521276595744681
35 2 0.9817962050437927 0.9559270516717325
35 3 0.981855074564616 0.9506079027355623
35 4 0.983092817167441 0.9430091185410334
35 5 0.969383495549361 0.9513677811550152
35 6 0.9820162281394005 0.9506079027355623
35 7 0.9767113626003265 0.9521276595744681
35 8 0.964688057700793 0.9506079027355623
35 9 0.9652767454584439 0.9468085106382979
36 0 1.0188469042380652 0.9460486322188449
36 1 1.0164014920592308 0.9513677811550152
36 2 0.995695541302363 0.9270516717325228
36 3 0.9857024798790613 0.932370820668693
36 4 0.9726190716028214 0.9384498480243161
36 5 0.9682434027393659 0.9506079027355623
36 6 0.9830062339703242 0.9559270516717325
36 7 0.9742857118447621 0.958966565349544
36 8 0.9741159081459045 0.9604863221884499
36 9 0.9701036090652148 0.9490881458966566
37 0 1.0327491139372191 0.9384498480243161
37 1 0.9716273074348767 0.9483282674772037
37 2 0.9708277856310208 0.9468085106382979
37 3 0.9691859285036724 0.9559270516717325
37 4 0.9828833316763242 0.9468085106382979
37 5 0.9776779462893803 0.9544072948328267
37 6 0.9682657867670059 0.958966565349544
37 7 0.9653359005848567 0.9536474164133738
37 8 0.9695470854640007 0.9544072948328267
37 9 0.9749401708443959 0.9604863221884499
38 0 1.012397622068723 0.9536474164133738
38 1 0.9885657082001368 0.9475683890577508
38 2 0.9736581370234489 0.9452887537993921
38 3 0.9713944643735886 0.9468085106382979
38 4 0.9717208643754323 0.9513677811550152
38 5 0.9656683231393497 0.9544072948328267
38 6 0.9699752380450567 0.9399696048632219
38 7 0.9718492428461711 0.9384498480243161
38 8 0.9750847369432449 0.952887537993921
38 9 0.9762063746651014 0.9483282674772037
39 0 1.0237901881337166 0.9407294832826748
39 1 0.9738128259778023 0.9559270516717325
39 2 0.9820691247781118 0.9407294832826748
39 3 0.9688692167401314 0.9506079027355623
39 4 0.9659155507882435 0.9574468085106383
39 5 0.960081048309803 0.9559270516717325
39 6 0.9709697862466177 0.9582066869300911
39 7 0.972028819223245 0.9422492401215805
39 8 0.9759547735253971 0.9536474164133738
39 9 0.96422711511453 0.9513677811550152
40 0 0.9890357951323192 0.9468085106382979
40 1 0.9833220789829891 0.9536474164133738
40 2 0.966023785372575 0.9513677811550152
40 3 0.9694795409838359 0.9559270516717325
40 4 0.9648007601499557 0.9551671732522796
40 5 0.9723737885554632 0.9498480243161094
40 6 0.9691119665900866 0.9452887537993921
40 7 0.9686273609598477 0.9513677811550152
40 8 0.9705581068992615 0.9582066869300911
40 9 0.9708205163478851 0.9536474164133738
41 0 0.9913697938124337 0.9316109422492401
41 1 0.9766548400123914 0.9452887537993921
41 2 0.9775867636005083 0.9338905775075987
41 3 0.9778491680820782 0.9475683890577508
41 4 0.9680564825733503 0.9506079027355623
41 5 0.9737103084723155 0.9490881458966566
41 6 0.9648945704102516 0.9559270516717325
41 7 0.9825748726725578 0.9544072948328267
41 8 1.0009044830997786 0.9521276595744681
41 9 0.9787584617733955 0.9414893617021277
42 0 1.0514932051301003 0.939209726443769
42 1 0.9864506945014 0.9460486322188449
42 2 0.9795633206764857 0.952887537993921
42 3 0.9715690265099207 0.952887537993921
42 4 0.9629589791099231 0.9551671732522796
42 5 0.971673493583997 0.9544072948328267
42 6 0.9765728339552879 0.9551671732522796
42 7 0.9647234305739403 0.9635258358662614
42 8 0.9698429107666016 0.9483282674772037
42 9 0.9714848473668098 0.939209726443769
43 0 0.9878143866856893 0.9483282674772037
43 1 0.9727590108911196 0.9544072948328267
43 2 0.9680635879437129 0.9513677811550152
43 3 0.9818759982784588 0.9460486322188449
43 4 0.9726257026195526 0.9544072948328267
43 5 0.9638679102063179 0.952887537993921
43 6 0.962408276895682 0.9582066869300911
43 7 0.9681994368632635 0.9604863221884499
43 8 0.9751331682006519 0.9574468085106383
43 9 0.9704252605636915 0.9483282674772037
44 0 1.0334071243802705 0.9551671732522796
44 1 0.9694029788176218 0.9468085106382979
44 2 0.987336312731107 0.9490881458966566
44 3 0.9842918341358502 0.9513677811550152
44 4 0.9930186023314794 0.9498480243161094
44 5 0.9816398521264393 0.9437689969604863
44 6 0.9746695533394814 0.9620060790273556
44 7 0.9719928503036499 0.9604863221884499
44 8 0.9879391565918922 0.9490881458966566
44 9 0.9670669709642727 0.9513677811550152
45 0 1.014798586567243 0.9468085106382979
45 1 0.9607768033941587 0.9437689969604863
45 2 0.970177302757899 0.9582066869300911
45 3 0.9764248530069987 0.9498480243161094
45 4 0.9756576319535573 0.9513677811550152
45 5 0.9680612310767174 0.9551671732522796
45 6 0.9747433091203372 0.959726443768997
45 7 0.959115688999494 0.958966565349544
45 8 0.9781462450822195 0.9612462006079028
45 9 0.9613923629124959 0.9604863221884499
46 0 0.9950615192453067 0.9544072948328267
46 1 0.977982389430205 0.952887537993921
46 2 0.9708930055300394 0.9498480243161094
46 3 0.9724647328257561 0.9490881458966566
46 4 0.9631515244642894 0.9559270516717325
46 5 0.9555173764626186 0.9536474164133738
46 6 0.9637337103486061 0.9490881458966566
46 7 0.9742500856518745 0.9490881458966566
46 8 0.9757771144310633 0.9551671732522796
46 9 0.9753084207574526 0.9536474164133738
47 0 1.037062145769596 0.9513677811550152
47 1 0.9890998204549154 0.9399696048632219
47 2 0.9895623500148456 0.9536474164133738
47 3 0.9568289667367935 0.9544072948328267
47 4 0.9796093627810478 0.9506079027355623
47 5 0.9592030098040898 0.958966565349544
47 6 0.9896589318911235 0.952887537993921
47 7 0.9585091496507326 0.9582066869300911
47 8 0.9518232320745786 0.9574468085106383
47 9 0.9702160482605298 0.9536474164133738
48 0 1.0023039157191913 0.9566869300911854
48 1 0.9689756458004316 0.958966565349544
48 2 0.9596593951185544 0.9559270516717325
48 3 0.9726251860459645 0.9521276595744681
48 4 0.9720009416341782 0.9490881458966566
48 5 0.9676831985513369 0.9536474164133738
48 6 0.9603687723477682 0.9582066869300911
48 7 0.962003601094087 0.9551671732522796
48 8 0.9745674630006154 0.9437689969604863
48 9 0.9663932596643766 0.9566869300911854
49 0 1.0055800403157868 0.9551671732522796
49 1 0.970773662130038 0.9582066869300911
49 2 0.981062206129233 0.9521276595744681
49 3 0.9778928955396016 0.9559270516717325
49 4 0.9744785378376642 0.9612462006079028
49 5 0.9687432373563449 0.9620060790273556
49 6 0.9640039205551147 0.9604863221884499
49 7 0.976154088973999 0.9635258358662614
49 8 0.9655588318904241 0.9665653495440729
49 9 0.964233251909415 0.96580547112462
50 0 1.0112037609020867 0.9551671732522796
50 1 1.0004644418756166 0.9551671732522796
50 2 0.9747162411610285 0.9483282674772037
50 3 0.9724132195115089 0.9536474164133738
50 4 0.9616195261478424 0.9566869300911854
50 5 0.964088482161363 0.9559270516717325
50 6 0.9660565629601479 0.9566869300911854
50 7 0.9619155377149582 0.9574468085106383
50 8 0.9703369786341984 0.9574468085106383
50 9 0.9554582834243774 0.9559270516717325
51 0 0.9844848389426868 0.9604863221884499
51 1 0.9597743575771649 0.9536474164133738
51 2 0.9824091320236523 0.959726443768997
51 3 0.9807045012712479 0.9513677811550152
51 4 0.9650870760281881 0.952887537993921
51 5 0.9606488222877184 0.959726443768997
51 6 0.9629069169362386 0.9566869300911854
51 7 0.9672961384057999 0.952887537993921
51 8 0.9730496679743131 0.9506079027355623
51 9 0.9622599855065346 0.9582066869300911
52 0 1.0327831705411274 0.9544072948328267
52 1 0.9694216723243395 0.9612462006079028
52 2 0.9850763579209645 0.9604863221884499
52 3 0.9652892127633095 0.9559270516717325
52 4 0.9723305627703667 0.9544072948328267
52 5 0.9826177010933559 0.9566869300911854
52 6 0.9824366122484207 0.9559270516717325
52 7 0.9701601043343544 0.9635258358662614
52 8 0.9764265964428585 0.9551671732522796
52 9 0.9547935997446377 0.9582066869300911
53 0 0.98077209542195 0.9430091185410334
53 1 0.9813723340630531 0.9536474164133738
53 2 0.9721673354506493 0.9604863221884499
53 3 0.9717180257042248 0.952887537993921
53 4 0.9702313989400864 0.9521276595744681
53 5 0.9681171402335167 0.9544072948328267
53 6 0.9618433912595113 0.9551671732522796
53 7 0.9538633177677791 0.9604863221884499
53 8 0.9700656086206436 0.9475683890577508
53 9 0.979032834370931 0.9536474164133738
54 0 0.9944538325071335 0.952887537993921
54 1 0.9686064173777899 0.9620060790273556
54 2 0.9687888473272324 0.9582066869300911
54 3 0.9692091991504033 0.9544072948328267
54 4 0.9659206519524256 0.9506079027355623
54 5 0.9599008113145828 0.9612462006079028
54 6 0.9630899404486021 0.959726443768997
54 7 0.960714265704155 0.9574468085106383
54 8 0.9527022242546082 0.9604863221884499
54 9 0.9638642147183418 0.9604863221884499
55 0 1.0014765063921611 0.9468085106382979
55 1 0.971586969991525 0.9582066869300911
55 2 0.9664977366725604 0.9445288753799392
55 3 0.9716034183899561 0.9582066869300911
55 4 0.9709471762180328 0.9582066869300911
55 5 0.9828281377752622 0.9384498480243161
55 6 0.9639146973689398 0.9574468085106383
55 7 0.9766686633229256 0.959726443768997
55 8 0.9644619425137838 0.9582066869300911
55 9 0.9730092709263166 0.959726443768997
56 0 1.003814458847046 0.9559270516717325
56 1 0.9680431211988131 0.9574468085106383
56 2 0.9562401299675305 0.9551671732522796
56 3 0.9704119538267453 0.9559270516717325
56 4 0.9745216543475786 0.9513677811550152
56 5 0.9784808854262035 0.9574468085106383
56 6 0.9521043399969736 0.959726443768997
56 7 0.9831783572832744 0.9544072948328267
56 8 0.9558181017637253 0.9574468085106383
56 9 0.9710063536961873 0.9513677811550152
57 0 1.002102759977182 0.9536474164133738
57 1 0.9713002716501553 0.9513677811550152
57 2 0.9751929193735123 0.9551671732522796
57 3 0.9711391280094782 0.9460486322188449
57 4 0.9718258529901505 0.9490881458966566
57 5 0.9695472444097201 0.9513677811550152
57 6 0.9836802134911219 0.9506079027355623
57 7 0.9769611284136772 0.9521276595744681
57 8 0.9685012325644493 0.9414893617021277
57 9 0.9724711328744888 0.9544072948328267
58 0 1.007664074500402 0.952887537993921
58 1 0.9683689946929614 0.9544072948328267
58 2 0.9569689830144246 0.9566869300911854
58 3 0.9537800500790278 0.9566869300911854
58 4 0.9633607094486554 0.9513677811550152
58 5 0.9634229838848114 0.959726443768997
58 6 0.96403984973828 0.958966565349544
58 7 0.9715943709015846 0.9612462006079028
58 8 0.9657768805821737 0.9506079027355623
58 9 0.9739248280723889 0.9506079027355623
59 0 0.9960373664895693 0.9506079027355623
59 1 0.9707627594470978 0.9521276595744681
59 2 0.9837393015623093 0.9559270516717325
59 3 0.9763809864719709 0.9551671732522796
59 4 0.9605470473567645 0.9612462006079028
59 5 0.9607097779711087 0.958966565349544
59 6 0.9701016942660013 0.9582066869300911
59 7 0.9636021628975868 0.958966565349544
59 8 0.9600507865349452 0.959726443768997
59 9 0.9603851214051247 0.959726443768997
60 0 1.0373141467571259 0.9513677811550152
60 1 0.9740395198265712 0.9536474164133738
60 2 0.9694012627005577 0.9559270516717325
60 3 0.9719291552901268 0.9361702127659575
60 4 0.9798776904741924 0.959726443768997
60 5 0.9710296218593916 0.958966565349544
60 6 0.9808502917488415 0.9559270516717325
60 7 0.958408070107301 0.9544072948328267
60 8 0.9842966596285502 0.9544072948328267
60 9 0.9614593957861264 0.9551671732522796
61 0 0.9878580023845037 0.9513677811550152
61 1 0.9770072748263677 0.958966565349544
61 2 0.9670846139391263 0.9559270516717325
61 3 0.9726420963803927 0.9513677811550152
61 4 0.9608386605978012 0.9574468085106383
61 5 0.9726204002896945 0.9566869300911854
61 6 0.9720432708660762 0.959726443768997
61 7 0.9783489108085632 0.9612462006079028
61 8 0.9700199365615845 0.9475683890577508
61 9 0.9732645129164059 0.9627659574468085
62 0 1.021718775232633 0.9521276595744681
62 1 0.9766423751910527 0.952887537993921
62 2 0.9693562363584836 0.9559270516717325
62 3 0.9844826757907869 0.9544072948328267
62 4 0.9648417383432388 0.9559270516717325
62 5 0.9720771883924801 0.9620060790273556
62 6 0.9666846916079521 0.958966565349544
62 7 0.9625805119673412 0.9574468085106383
62 8 0.9645239015420277 0.9620060790273556
62 9 0.9519855578740437 0.9574468085106383
63 0 0.9912265961368878 0.9544072948328267
63 1 0.966614805161953 0.959726443768997
63 2 0.9615826408068339 0.9582066869300911
63 3 0.9696321984132131 0.9627659574468085
63 4 0.9659738490978876 0.9604863221884499
63 5 0.9750239948431652 0.9612462006079028
63 6 0.9593394895394644 0.958966565349544
63 7 0.9654386589924494 0.9635258358662614
63 8 0.9714308778444927 0.958966565349544
63 9 0.9715306361516317 0.9551671732522796
64 0 1.0011141076683998 0.952887537993921
64 1 0.966091051697731 0.9620060790273556
64 2 0.9679099048177402 0.9635258358662614
64 3 0.9754871279001236 0.9559270516717325
64 4 0.9750372519095738 0.9627659574468085
64 5 0.9610519434014956 0.9650455927051672
64 6 0.9710885708530744 0.96580547112462
64 7 0.9662631551424663 0.9635258358662614
64 8 0.9720424587527912 0.9620060790273556
64 9 0.9640789007147152 0.9635258358662614
65 0 0.9783348515629768 0.9627659574468085
65 1 0.9696981906890869 0.9620060790273556
65 2 0.9737152978777885 0.9627659574468085
65 3 0.9645222425460815 0.9604863221884499
65 4 0.9604392076532047 0.958966565349544
65 5 0.9652684579292934 0.9551671732522796
65 6 0.9662374059359232 0.9604863221884499
65 7 0.9685037682453791 0.9620060790273556
65 8 0.9596554264426231 0.96580547112462
65 9 0.9671118259429932 0.9627659574468085
66 0 1.0245612561702728 0.9566869300911854
66 1 0.9575299446781477 0.9536474164133738
66 2 0.9711688881119093 0.9551671732522796
66 3 0.9641826873024304 0.9544072948328267
66 4 0.9588907733559608 0.9483282674772037
66 5 0.9662961264451344 0.9574468085106383
66 6 0.9768761297067006 0.9665653495440729
66 7 0.9595055927832922 0.9612462006079028
66 8 0.9674593359231949 0.9574468085106383
66 9 0.958068701128165 0.9559270516717325
67 0 0.9907872080802917 0.9460486322188449
67 1 0.9820396527647972 0.9620060790273556
67 2 0.9717338035504024 0.96580547112462
67 3 0.9664596517880757 0.9513677811550152
67 4 0.9732937018076578 0.9574468085106383
67 5 0.9731116145849228 0.9521276595744681
67 6 0.9660812765359879 0.9574468085106383
67 7 0.9598508849740028 0.9627659574468085
67 8 0.9584403385718664 0.9620060790273556
67 9 0.9687655220429103 0.9620060790273556
68 0 1.0281193827589354 0.9445288753799392
68 1 0.9678750112652779 0.9582066869300911
68 2 0.965431089202563 0.9620060790273556
68 3 0.9637909705440203 0.959726443768997
68 4 0.9746012911200523 0.9612462006079028
68 5 0.9529475768407186 0.9612462006079028
68 6 0.9621284181873003 0.9650455927051672
68 7 0.9716204901536306 0.9620060790273556
68 8 0.9569215551018715 0.952887537993921
68 9 0.9577346965670586 0.9612462006079028
69 0 0.9755918309092522 0.9620060790273556
69 1 0.962860956788063 0.9620060790273556
69 2 0.9743723596135776 0.9566869300911854
69 3 0.9797021100918453 0.9551671732522796
69 4 0.9601321419080099 0.9604863221884499
69 5 0.9630681350827217 0.96580547112462
69 6 0.9598949650923412 0.9612462006079028
69 7 0.9684682711958885 0.9566869300911854
69 8 0.9600204949577649 0.958966565349544
69 9 0.969321387509505 0.9604863221884499
70 0 1.0175970395406086 0.9437689969604863
70 1 0.9951410988966625 0.9635258358662614
70 2 0.9653977130850155 0.9521276595744681
70 3 0.9668906182050705 0.9582066869300911
70 4 0.9662973235050837 0.9620060790273556
70 5 0.98904749751091 0.9642857142857143
70 6 0.9910323470830917 0.9536474164133738
70 7 0.9760899717609088 0.9475683890577508
70 8 0.974347710609436 0.9536474164133738
70 9 0.9563283498088518 0.9582066869300911
71 0 0.9865137760837872 0.9582066869300911
71 1 0.9696149801214535 0.9604863221884499
71 2 0.9593579346934955 0.9612462006079028
71 3 0.9629730035861332 0.9620060790273556
71 4 0.955126183728377 0.9635258358662614
71 5 0.953984188536803 0.96580547112462
71 6 0.9776296317577362 0.9650455927051672
71 7 0.9539430091778438 0.9635258358662614
71 8 0.9637848983208338 0.9574468085106383
71 9 0.9610076323151588 0.9559270516717325
72 0 1.0260828162233036 0.9521276595744681
72 1 0.9679448927442234 0.9620060790273556
72 2 0.963229072590669 0.9574468085106383
72 3 0.9659639149904251 0.9521276595744681
72 4 0.9662828743457794 0.9513677811550152
72 5 0.9679858560363452 0.9612462006079028
72 6 0.9624970753987631 0.9612462006079028
72 7 0.9705917462706566 0.9635258358662614
72 8 0.9519520824154218 0.958966565349544
72 9 0.9693808058897655 0.9506079027355623
73 0 1.0174580166737237 0.9513677811550152
73 1 0.9653522496422132 0.9582066869300911
73 2 0.9676362325747808 0.9582066869300911
73 3 0.9685808618863423 0.9551671732522796
73 4 0.9628652234872181 0.9483282674772037
73 5 0.9604895437757174 0.9604863221884499
73 6 0.9758409634232521 0.9642857142857143
73 7 0.9693024928371111 0.9551671732522796
73 8 0.955483893553416 0.9559270516717325
73 9 0.9537018264333408 0.9627659574468085
74 0 1.0097276543577514 0.9490881458966566
74 1 0.9859029153982799 0.9620060790273556
74 2 0.9595919325947762 0.9620060790273556
74 3 0.9568847293655078 0.9566869300911854
74 4 0.9620243584116299 0.9551671732522796
74 5 0.9590758581956228 0.9604863221884499
74 6 0.9544796943664551 0.9627659574468085
74 7 0.9809720565875371 0.9604863221884499
74 8 0.9764610528945923 0.9483282674772037
74 9 0.9655854975183805 0.9551671732522796
75 0 0.9739398136734962 0.9559270516717325
75 1 0.9746736859281858 0.959726443768997
75 2 0.9768808906277021 0.959726443768997
75 3 0.9785796900590261 0.958966565349544
75 4 0.9599756523966789 0.9559270516717325
75 5 0.9619194914897283 0.9559270516717325
75 6 0.9601317395766575 0.9604863221884499
75 7 0.9656474540630976 0.9665653495440729
75 8 0.9596678515275319 0.9673252279635258
75 9 0.966612162689368 0.9673252279635258
76 0 0.9818832824627559 0.9536474164133738
76 1 0.9694504713018736 0.9574468085106383
76 2 0.9706253136197726 0.9551671732522796
76 3 0.971209352215131 0.9559270516717325
76 4 0.9606288398305575 0.9544072948328267
76 5 0.9696082721153896 0.9559270516717325
76 6 0.9610299716393154 0.959726443768997
76 7 0.9747751330335935 0.9627659574468085
76 8 0.9721430713931719 0.9574468085106383
76 9 0.9757348299026489 0.9574468085106383
77 0 1.0324741105238595 0.9536474164133738
77 1 0.9716864998141925 0.9620060790273556
77 2 0.9852639685074489 0.9566869300911854
77 3 0.9656593476732571 0.9551671732522796
77 4 0.9765201558669409 0.9650455927051672
77 5 0.9633408784866333 0.9604863221884499
77 6 0.9706771994630496 0.958966565349544
77 7 0.9628493562340736 0.9620060790273556
77 8 0.9525837749242783 0.96580547112462
77 9 0.9666429807742436 0.9650455927051672
78 0 0.9913541997472445 0.9483282674772037
78 1 0.9673935646812121 0.9612462006079028
78 2 0.9625894576311111 0.9642857142857143
78 3 0.9697493041555086 0.959726443768997
78 4 0.9766165713469187 0.9635258358662614
78 5 0.9670549556612968 0.9620060790273556
78 6 0.976977119843165 0.9574468085106383
78 7 0.9736701970299085 0.9635258358662614
78 8 0.9677022720376651 0.9620060790273556
78 9 0.9562288547555605 0.958966565349544
79 0 1.0014484077692032 0.959726443768997
79 1 0.9686891660094261 0.9635258358662614
79 2 0.9677175382773082 0.9673252279635258
79 3 0.964652789135774 0.959726443768997
79 4 0.9615232447783152 0.9559270516717325
79 5 0.9579542850454648 0.9612462006079028
79 6 0.9576220264037449 0.9642857142857143
79 7 0.9680076688528061 0.9642857142857143
79 8 0.9664322833220165 0.9635258358662614
79 9 0.9522745783130327 0.9604863221884499
80 0 0.997991606593132 0.9506079027355623
80 1 0.9506851981083552 0.9620060790273556
80 2 0.957954928278923 0.9612462006079028
80 3 0.9632295519113541 0.9574468085106383
80 4 0.9837971602876981 0.9612462006079028
80 5 0.9574396833777428 0.9627659574468085
80 6 0.9722511644164722 0.958966565349544
80 7 0.9670136993130048 0.958966565349544
80 8 0.9759176870187123 0.9650455927051672
80 9 0.9619951571027437 0.9582066869300911
81 0 0.9925020560622215 0.958966565349544
81 1 0.9693067446351051 0.9604863221884499
81 2 0.9710193127393723 0.959726443768997
81 3 0.9529941429694493 0.959726443768997
81 4 0.9700269599755605 0.9582066869300911
81 5 0.964494710167249 0.9604863221884499
81 6 0.9582248379786809 0.9566869300911854
81 7 0.9733974213401477 0.9574468085106383
81 8 0.9680800288915634 0.9582066869300911
81 9 0.9737853184342384 0.9612462006079028
82 0 0.9944412410259247 0.9430091185410334
82 1 0.9792632311582565 0.9574468085106383
82 2 0.9763231426477432 0.952887537993921
82 3 0.9690567379196484 0.9513677811550152
82 4 0.9513369624813398 0.9513677811550152
82 5 0.9543386672933897 0.959726443768997
82 6 0.959447555243969 0.9620060790273556
82 7 0.9676651209592819 0.9620060790273556
82 8 0.9671518430113792 0.9620060790273556
82 9 0.9593855862816174 0.9627659574468085
83 0 1.0279344096779823 0.958966565349544
83 1 0.9618779346346855 0.9642857142857143
83 2 0.9825794945160548 0.9635258358662614
83 3 0.9651351049542427 0.9688449848024316
83 4 0.9643554886182149 0.9604863221884499
83 5 0.9690273776650429 0.9620060790273556
83 6 0.9564894015590351 0.96580547112462
83 7 0.9648829822738965 0.96580547112462
83 8 0.9665529479583104 0.9627659574468085
83 9 0.9656494682033857 0.9635258358662614
84 0 0.9666830375790596 0.9627659574468085
84 1 0.9613299493988355 0.9635258358662614
84 2 0.9565313681960106 0.9627659574468085
84 3 0.9618528832991917 0.9627659574468085
84 4 0.9684272830684979 0.959726443768997
84 5 0.953741247455279 0.9642857142857143
84 6 0.9480209723114967 0.9582066869300911
84 7 0.9602419088284174 0.9544072948328267
84 8 0.9704966396093369 0.9612462006079028
84 9 0.9717051635185878 0.959726443768997
85 0 1.0221165269613266 0.9559270516717325
85 1 0.9632605686783791 0.9673252279635258
85 2 0.965192178885142 0.9635258358662614
85 3 0.9725674788157145 0.959726443768997
85 4 0.9736016541719437 0.9566869300911854
85 5 0.9709016581376394 0.9559270516717325
85 6 0.9684952696164448 0.9574468085106383
85 7 0.9655906135837237 0.958966565349544
85 8 0.9710883374015491 0.9566869300911854
85 9 0.9625211556752522 0.9551671732522796
86 0 0.9933748071392378 0.9483282674772037
86 1 0.9773999750614166 0.9627659574468085
86 2 0.9721182038386663 0.9642857142857143
86 3 0.9575597892204921 0.9604863221884499
86 4 0.9621183623870214 0.9642857142857143
86 5 0.9761036038398743 0.9718844984802432
86 6 0.9640603736042976 0.9612462006079028
86 7 0.9730223591128986 0.9582066869300911
86 8 0.9521699845790863 0.9650455927051672
86 9 0.9633022968967755 0.9620060790273556
87 0 0.9812684083978335 0.9620060790273556
87 1 0.9691249877214432 0.9642857142857143
87 2 0.9683805480599403 0.9612462006079028
87 3 0.9793413629134496 0.9551671732522796
87 4 0.9610969473918278 0.9612462006079028
87 5 0.9564683586359024 0.958966565349544
87 6 0.9676272844274839 0.9635258358662614
87 7 0.958477256198724 0.9673252279635258
87 8 0.963225856423378 0.958966565349544
87 9 0.9608442783355713 0.9620060790273556
88 0 1.0146896267930665 0.96580547112462
88 1 0.9646374533573787 0.952887537993921
88 2 0.9638904655973117 0.9642857142857143
88 3 0.9530189434687297 0.96580547112462
88 4 0.9647541170318921 0.9650455927051672
88 5 0.9725612451632818 0.9604863221884499
88 6 0.9685631667574246 0.9650455927051672
88 7 0.9707177008191744 0.9627659574468085
88 8 0.9647596602638563 0.9559270516717325
88 9 0.9596670443813006 0.9642857142857143
89 0 0.9952674036224683 0.9627659574468085
89 1 0.962682584921519 0.959726443768997
89 2 0.9613733018438022 0.9635258358662614
89 3 0.9567198579510052 0.96580547112462
89 4 0.9683919996023178 0.9612462006079028
89 5 0.975456953048706 0.9604863221884499
89 6 0.9682737688223522 0.9612462006079028
89 7 0.9741086115439732 0.9559270516717325
89 8 0.966603231926759 0.958966565349544
89 9 0.9625459487239519 0.9574468085106383
90 0 0.9939576213558514 0.9460486322188449
90 1 0.9727091838916143 0.9604863221884499
90 2 0.9646711125969887 0.9612462006079028
90 3 0.9644078935186069 0.9468085106382979
90 4 0.9630387301246325 0.958966565349544
90 5 0.9587229664127033 0.9559270516717325
90 6 0.9634046604235967 0.9536474164133738
90 7 0.9642963508764903 0.9604863221884499
90 8 0.9717633078495662 0.9612462006079028
90 9 0.9748711362481117 0.9627659574468085
91 0 1.0025004396835964 0.9483282674772037
91 1 0.9546328162153562 0.9612462006079028
91 2 0.9624691034356753 0.9642857142857143
91 3 0.9638150855898857 0.9650455927051672
91 4 0.9642501051227251 0.96580547112462
91 5 0.9637458672126133 0.96580547112462
91 6 0.9562106008330982 0.9582066869300911
91 7 0.9614302093784014 0.959726443768997
91 8 0.9672043720881144 0.9612462006079028
91 9 0.9613050396243731 0.9612462006079028
92 0 1.028696931898594 0.958966565349544
92 1 0.9712162862221401 0.96580547112462
92 2 0.975809209048748 0.9635258358662614
92 3 0.9722792034347851 0.9498480243161094
92 4 0.9786331231395404 0.9559270516717325
92 5 0.9673288613557816 0.9559270516717325
92 6 0.967114398876826 0.958966565349544
92 7 0.9626057346661886 0.9627659574468085
92 8 0.9647566229104996 0.9642857142857143
92 9 0.9693443576494853 0.96580547112462
93 0 1.0156622702876725 0.9604863221884499
93 1 0.9687864308555921 0.9612462006079028
93 2 0.974074016014735 0.958966565349544
93 3 0.9595088437199593 0.9559270516717325
93 4 0.9813099851210911 0.959726443768997
93 5 0.9598568975925446 0.96580547112462
93 6 0.965676819284757 0.9650455927051672
93 7 0.945576623082161 0.9673252279635258
93 8 0.9652878294388454 0.9620060790273556
93 9 0.9764468967914581 0.9582066869300911
94 0 1.0109163125356038 0.9513677811550152
94 1 0.9670143201947212 0.9604863221884499
94 2 0.9573077509800593 0.959726443768997
94 3 0.9607288489739101 0.9612462006079028
94 4 0.9503890598813693 0.9620060790273556
94 5 0.964001181224982 0.9604863221884499
94 6 0.9832915365695953 0.9582066869300911
94 7 0.9597701330979664 0.9635258358662614
94 8 0.9604004969199499 0.959726443768997
94 9 0.9634937768181165 0.958966565349544
95 0 0.9973402544856071 0.9551671732522796
95 1 0.9750400682290395 0.9582066869300911
95 2 0.9724274029334385 0.9604863221884499
95 3 0.9526904076337814 0.959726443768997
95 4 0.974726639688015 0.9627659574468085
95 5 0.9614766413966814 0.9544072948328267
95 6 0.96758022159338 0.9673252279635258
95 7 0.9705407147606213 0.9612462006079028
95 8 0.9733718534310658 0.9642857142857143
95 9 0.9579484959443411 0.9627659574468085
96 0 1.0302761321266494 0.9559270516717325
96 1 0.9932384689648946 0.939209726443769
96 2 0.9945353592435519 0.9612462006079028
96 3 0.981607233484586 0.959726443768997
96 4 0.9782368913292885 0.959726443768997
96 5 0.9703230410814285 0.959726443768997
96 6 0.9826703493793805 0.9635258358662614
96 7 0.9675011088450749 0.9612462006079028
96 8 0.9654797638456026 0.9506079027355623
96 9 0.9687344506382942 0.9582066869300911
97 0 0.9753330200910568 0.9620060790273556
97 1 0.9770077541470528 0.96580547112462
97 2 0.9616012896100681 0.9566869300911854
97 3 0.9598547369241714 0.9620060790273556
97 4 0.9718430240948995 0.9544072948328267
97 5 0.975057822962602 0.9620060790273556
97 6 0.9849461540579796 0.9430091185410334
97 7 0.9819696024060249 0.9422492401215805
97 8 0.9658687363068262 0.9521276595744681
97 9 0.969313417871793 0.9521276595744681
98 0 1.0278321107228596 0.9483282674772037
98 1 0.9660405963659286 0.9574468085106383
98 2 0.9891555135448774 0.9369300911854104
98 3 0.9903945500651995 0.9399696048632219
98 4 0.9908952638506889 0.9650455927051672
98 5 0.9623802527785301 0.9536474164133738
98 6 0.9666766698161762 0.9536474164133738
98 7 0.9763818259040515 0.9559270516717325
98 8 0.9583691855271657 0.9612462006079028
98 9 0.9675475135445595 0.9521276595744681
99 0 0.9862298915783564 0.9414893617021277
99 1 0.9714711010456085 0.9475683890577508
99 2 0.9655424629648526 0.958966565349544
99 3 0.9709107701977093 0.9551671732522796
99 4 0.9633073161045711 0.9574468085106383
99 5 0.9670857861638069 0.9566869300911854
99 6 0.9576774115363756 0.958966565349544
99 7 0.9598514835039775 0.9650455927051672
99 8 0.9484240437547367 0.9635258358662614
99 9 0.9613521546125412 0.9650455927051672
