0 0 1.5967779755592346 0.49772036474164133
0 1 1.555151879787445 0.53419452887538
0 2 1.4345928778251011 0.5334346504559271
0 3 1.3822856495777767 0.53419452887538
0 4 1.3706776599089303 0.5334346504559271
0 5 1.386577919125557 0.5349544072948328
0 6 1.3668783704439798 0.5311550151975684
0 7 1.3750744511683781 0.53419452887538
0 8 1.3565720369418461 0.49620060790273557
0 9 1.3769769867261252 0.5767477203647416
1 0 1.3797164807717006 0.574468085106383
1 1 1.3301552434762318 0.5767477203647416
1 2 1.3544353544712067 0.574468085106383
1 3 1.3204570015271504 0.581306990881459
1 4 1.335647334655126 0.648176291793313
1 5 1.3452117244402568 0.581306990881459
1 6 1.326009308298429 0.6717325227963525
1 7 1.314810112118721 0.581306990881459
1 8 1.3257691810528436 0.5820668693009119
1 9 1.3050307830174763 0.5820668693009119
2 0 1.3107312470674515 0.5820668693009119
2 1 1.3376866231362026 0.5828267477203647
2 2 1.352001592516899 0.5828267477203647
2 3 1.3328171074390411 0.5820668693009119
2 4 1.3356910844643912 0.581306990881459
2 5 1.3543460269769032 0.5820668693009119
2 6 1.3378294656674068 0.5775075987841946
2 7 1.3351177821556728 0.5820668693009119
2 8 1.3414254585901895 0.5820668693009119
2 9 1.3354645123084388 0.581306990881459
3 0 1.3542502025763195 0.5790273556231003
3 1 1.3176131794850032 0.6504559270516718
3 2 1.3297574321428935 0.5820668693009119
3 3 1.3389076540867488 0.5820668693009119
3 4 1.330509434143702 0.5752279635258358
3 5 1.3245993802944818 0.5820668693009119
3 6 1.2971226871013641 0.601823708206687
3 7 1.2846219887336097 0.581306990881459
3 8 1.2673353999853134 0.6588145896656535
3 9 1.2694273044665654 0.668693009118541
4 0 1.289770563443502 0.574468085106383
4 1 1.3463423947493234 0.6496960486322189
4 2 1.3058431893587112 0.6162613981762918
4 3 1.3065240581830344 0.6747720364741642
4 4 1.2695517937342327 0.6466565349544073
4 5 1.2794849276542664 0.5714285714285714
4 6 1.3041091561317444 0.6679331306990881
4 7 1.2669144123792648 0.64209726443769
4 8 1.2425127029418945 0.743161094224924
4 9 1.2567246109247208 0.6679331306990881
5 0 1.263866439461708 0.7530395136778115
5 1 1.251440390944481 0.581306990881459
5 2 1.224258082608382 0.7515197568389058
5 3 1.2186441669861474 0.6778115501519757
5 4 1.1772823308904967 0.7522796352583586
5 5 1.1779320662220318 0.743920972644377
5 6 1.1952963322401047 0.6854103343465046
5 7 1.2095750495791435 0.6975683890577508
5 8 1.21669452637434 0.824468085106383
5 9 1.1342447747786841 0.7256838905775076
6 0 1.1913806746403375 0.7340425531914894
6 1 1.1857415388027825 0.8351063829787234
6 2 1.1293519387642543 0.7811550151975684
6 3 1.1235845188299813 0.8419452887537994
6 4 1.1102691739797592 0.7781155015197568
6 5 1.1094923069079716 0.8183890577507599
6 6 1.123491500814756 0.8123100303951368
6 7 1.126654033859571 0.8571428571428571
6 8 1.0925427575906117 0.8457446808510638
6 9 1.1361066947380702 0.8389057750759878
7 0 1.128204621374607 0.8533434650455927
7 1 1.1349138170480728 0.7104863221884499
7 2 1.1140403002500534 0.8495440729483282
7 3 1.084951753417651 0.8404255319148937
7 4 1.108444074789683 0.8541033434650456
7 5 1.0925895869731903 0.8275075987841946
7 6 1.124352216720581 0.7446808510638298
7 7 1.0735382537047067 0.8822188449848024
7 8 1.0877118582526843 0.7834346504559271
7 9 1.0859775692224503 0.7917933130699089
8 0 1.1164063140749931 0.871580547112462
8 1 1.0749079907933872 0.8366261398176292
8 2 1.063231920202573 0.791033434650456
8 3 1.081687162319819 0.6793313069908815
8 4 1.0720742891232173 0.8708206686930091
8 5 1.085847944021225 0.8092705167173252
8 6 1.0643921345472336 0.8069908814589666
8 7 1.098946069677671 0.8723404255319149
8 8 1.052775504688422 0.8822188449848024
8 9 1.0658039475480714 0.8639817629179332
9 0 1.0799885665376983 0.8465045592705167
9 1 1.1071265488862991 0.871580547112462
9 2 1.0427538553873699 0.8799392097264438
9 3 1.0603940337896347 0.8252279635258358
9 4 1.0627964486678443 0.8556231003039514
9 5 1.071633333961169 0.8434650455927052
9 6 1.0654293497403462 0.8571428571428571
9 7 1.066756864388784 0.8457446808510638
9 8 1.0647071103254955 0.8936170212765957
9 9 1.0628542403380077 0.8806990881458967
10 0 1.0738157033920288 0.8571428571428571
10 1 1.0546035269896188 0.8761398176291794
10 2 1.074333908657233 0.8738601823708206
10 3 1.0462279990315437 0.8297872340425532
10 4 1.0613189091285071 0.8867781155015197
10 5 1.0766097207864125 0.8275075987841946
10 6 1.0648735041419664 0.8958966565349544
10 7 1.0407194097836812 0.8700607902735562
10 8 1.0413562282919884 0.8320668693009119
10 9 1.0427877083420753 0.8936170212765957
11 0 1.0765616347392402 0.810790273556231
11 1 1.0752892742554347 0.8617021276595744
11 2 1.048918570081393 0.8837386018237082
11 3 1.0451746781667075 0.8844984802431611
11 4 1.030966505408287 0.8639817629179332
11 5 1.0384725481271744 0.8708206686930091
11 6 1.0313519115249317 0.9057750759878419
11 7 1.0222853645682335 0.8776595744680851
11 8 1.0613011444608371 0.8974164133738601
11 9 1.0252334872881572 0.8958966565349544
12 0 1.062204360961914 0.9012158054711246
12 1 1.0315197954575221 0.8996960486322189
12 2 1.0304164638121924 0.9042553191489362
12 3 1.0405406455198922 0.8799392097264438
12 4 1.0624749511480331 0.898936170212766
12 5 1.0273424734671912 0.8996960486322189
12 6 1.0319502080480258 0.9012158054711246
12 7 1.0310021067659059 0.8746200607902735
12 8 1.0403210297226906 0.85790273556231
12 9 1.067859130601088 0.8525835866261399
13 0 1.0749965136249862 0.8655015197568389
13 1 1.0480252355337143 0.8958966565349544
13 2 1.0443618843952815 0.898936170212766
13 3 1.0429791087905567 0.898936170212766
13 4 1.0258545329173407 0.9027355623100304
13 5 1.0369275013605752 0.8791793313069909
13 6 1.0180538967251778 0.898936170212766
13 7 1.0317483494679134 0.9019756838905775
13 8 1.0235552042722702 0.898936170212766
13 9 1.026306005815665 0.8898176291793313
14 0 1.0435560196638107 0.8852583586626139
14 1 1.0239595721165338 0.8396656534954408
14 2 1.0305541679263115 0.8389057750759878
14 3 1.0623743832111359 0.8913373860182371
14 4 1.02310232569774 0.8768996960486323
14 5 1.0496734380722046 0.8958966565349544
14 6 1.0073421224951744 0.9057750759878419
14 7 1.0297100643316905 0.9027355623100304
14 8 1.0183426439762115 0.898176291793313
14 9 1.0204859947164855 0.8875379939209727
15 0 1.031609651943048 0.8958966565349544
15 1 1.0263371989130974 0.9179331306990881
15 2 1.0203436762094498 0.9118541033434651
15 3 1.027654767036438 0.9042553191489362
15 4 1.0285787731409073 0.9118541033434651
15 5 1.0258124669392903 0.9072948328267477
15 6 1.019695627192656 0.9141337386018237
15 7 1.021665376921495 0.9164133738601824
15 8 1.02086873849233 0.9095744680851063
15 9 1.041822930177053 0.9034954407294833
16 0 1.0422388389706612 0.912613981762918
16 1 1.017148102323214 0.9148936170212766
16 2 1.017022249599298 0.8731003039513677
16 3 1.0199950188398361 0.9042553191489362
16 4 1.0198934326569238 0.9148936170212766
16 5 1.0307584355274837 0.9050151975683891
16 6 1.0265953689813614 0.9042553191489362
16 7 1.027890905737877 0.9080547112462006
16 8 1.0341508885224662 0.9088145896656535
16 9 1.019988996287187 0.9118541033434651
17 0 1.0356469427545867 0.8768996960486323
17 1 1.02557672560215 0.9232522796352584
17 2 1.026369867225488 0.9224924012158054
17 3 1.0174036150177321 0.9164133738601824
17 4 1.0177085424462955 0.8844984802431611
17 5 1.010321281850338 0.9118541033434651
17 6 1.0081096937259038 0.9202127659574468
17 7 1.0203661918640137 0.912613981762918
17 8 1.0174805844823518 0.9217325227963525
17 9 1.0161086569229762 0.9042553191489362
18 0 1.0367639909187951 0.9224924012158054
18 1 1.018063152829806 0.918693009118541
18 2 1.036419870952765 0.9308510638297872
18 3 1.0178791483243308 0.9164133738601824
18 4 1.008785535891851 0.9103343465045592
18 5 1.0073750739296277 0.9262917933130699
18 6 1.0021435543894768 0.9110942249240122
18 7 1.0106678331891696 0.9194528875379939
18 8 1.0149198547005653 0.9224924012158054
18 9 1.0058793996771178 0.925531914893617
19 0 1.021405962606271 0.9164133738601824
19 1 1.0180770829319954 0.9247720364741642
19 2 1.0107816234230995 0.9156534954407295
19 3 1.007615938782692 0.9232522796352584
19 4 1.000300479431947 0.9209726443768997
19 5 1.013199376563231 0.9194528875379939
19 6 1.0128830869992576 0.8966565349544073
19 7 1.0060870448748271 0.9156534954407295
19 8 1.0149931286772091 0.9331306990881459
19 9 1.0206000482042632 0.9088145896656535
