0 0 1.3651256412267685 0.6580547112462006
0 1 1.3442863374948502 0.6884498480243161
0 2 1.3444435447454453 0.601063829787234
0 3 1.3209000726540883 0.5858662613981763
0 4 1.3013229966163635 0.6724924012158054
0 5 1.3293502032756805 0.5820668693009119
0 6 1.3480562965075173 0.5820668693009119
0 7 1.329818218946457 0.5820668693009119
0 8 1.3060870716969173 0.6390577507598785
0 9 1.2658393184343972 0.6785714285714286
1 0 1.3874166309833527 0.5911854103343465
1 1 1.366826817393303 0.6109422492401215
1 2 1.3105175892512002 0.6443768996960486
1 3 1.259533698360125 0.6907294832826748
1 4 1.300486077864965 0.6793313069908815
1 5 1.2939752240975697 0.6648936170212766
1 6 1.2597067107756932 0.6717325227963525
1 7 1.2286079203089078 0.6960486322188449
1 8 1.2825475335121155 0.6876899696048632
1 9 1.2387178043524425 0.6945288753799392
2 0 1.2061537206172943 0.8487841945288754
2 1 1.172432986398538 0.810790273556231
2 2 1.1211743205785751 0.8427051671732523
2 3 1.095072863002618 0.8723404255319149
2 4 1.0512449145317078 0.8632218844984803
2 5 1.0869564339518547 0.837386018237082
2 6 1.0706602359811463 0.8670212765957447
2 7 1.0597159266471863 0.8624620060790273
2 8 1.035907839735349 0.8617021276595744
2 9 1.051017478108406 0.8685410334346505
3 0 1.215105769534906 0.7879939209726444
3 1 1.1849862858653069 0.8358662613981763
3 2 1.0659600843985877 0.8898176291793313
3 3 1.0934722572565079 0.8168693009118541
3 4 1.06629478931427 0.8480243161094225
3 5 1.1068483839432397 0.8655015197568389
3 6 1.0684596622983613 0.8480243161094225
3 7 1.0542777602871258 0.8898176291793313
3 8 1.05461331953605 0.8480243161094225
3 9 1.0552647213141122 0.8806990881458967
4 0 1.1031690686941147 0.8905775075987842
4 1 1.0643445725242295 0.8806990881458967
4 2 1.0657330701748529 0.8639817629179332
4 3 1.031826707224051 0.8860182370820668
4 4 1.0231321603059769 0.9072948328267477
4 5 1.0302198951443038 0.8996960486322189
4 6 1.027679830789566 0.8996960486322189
4 7 1.0170351515213647 0.8996960486322189
4 8 1.0447880327701569 0.8639817629179332
4 9 1.0388002966841061 0.898936170212766
5 0 1.0790052289764085 0.8943768996960486
5 1 1.0395377402504287 0.8677811550151976
5 2 1.0471388051907222 0.9065349544072948
5 3 1.0383630022406578 0.9012158054711246
5 4 1.0340826536218324 0.8806990881458967
5 5 1.0252017651995025 0.8768996960486323
5 6 1.0388116712371507 0.9034954407294833
5 7 1.0356257284681003 0.8974164133738601
5 8 1.0258000170191128 0.8791793313069909
5 9 1.0230110486348472 0.8966565349544073
6 0 1.1415178552269936 0.9027355623100304
6 1 1.0599455560247102 0.8852583586626139
6 2 1.0333231488863626 0.8890577507598785
6 3 1.045432132979234 0.8913373860182371
6 4 1.0233930746714273 0.8974164133738601
6 5 1.0173249791065853 0.9004559270516718
6 6 1.0194043864806495 0.8943768996960486
6 7 1.0228531186779342 0.8837386018237082
6 8 1.0015297159552574 0.9110942249240122
6 9 1.0063695857922235 0.9004559270516718
7 0 1.0779540638128917 0.8943768996960486
7 1 1.0184849475820859 0.9072948328267477
7 2 1.036335011323293 0.8844984802431611
7 3 1.04223220795393 0.8624620060790273
7 4 1.0064657926559448 0.9095744680851063
7 5 1.025532881418864 0.8890577507598785
7 6 1.0122686574856439 0.8974164133738601
7 7 1.0051357646783194 0.9194528875379939
7 8 1.0041388273239136 0.9072948328267477
7 9 1.0003754620750747 0.9110942249240122
8 0 1.1324954628944397 0.9141337386018237
8 1 1.0363746682802835 0.8951367781155015
8 2 1.0364592919747033 0.8844984802431611
8 3 1.0372906426588693 0.9156534954407295
8 4 1.0348429431517918 0.9050151975683891
8 5 1.0202696894605954 0.9004559270516718
8 6 1.0012117053071656 0.9004559270516718
8 7 1.0045741125941277 0.9240121580547113
8 8 1.0056564981738725 0.9179331306990881
8 9 0.9934432779749235 0.9088145896656535
9 0 1.067323423922062 0.8898176291793313
9 1 1.028227167824904 0.8913373860182371
9 2 1.027700920899709 0.8806990881458967
9 3 1.0095904394984245 0.898936170212766
9 4 1.0098543390631676 0.9110942249240122
9 5 1.0058607483903566 0.9095744680851063
9 6 1.041019449631373 0.9118541033434651
9 7 1.0313413863380752 0.8936170212765957
9 8 1.0136827925841014 0.9217325227963525
9 9 1.009211242198944 0.9141337386018237
10 0 1.1891460816065471 0.8335866261398176
10 1 1.0708976536989212 0.9232522796352584
10 2 1.0363395636280377 0.8768996960486323
10 3 1.016929825146993 0.9019756838905775
10 4 1.0244172886013985 0.9285714285714286
10 5 1.0094141066074371 0.9095744680851063
10 6 1.0077022165060043 0.9118541033434651
10 7 1.0081635365883508 0.8624620060790273
10 8 0.9943439066410065 0.9012158054711246
10 9 1.002574553092321 0.9088145896656535
11 0 1.031747298936049 0.9209726443768997
11 1 1.004340740541617 0.9057750759878419
11 2 1.0030355056126914 0.8936170212765957
11 3 1.0102343906958897 0.8996960486322189
11 4 1.0111292973160744 0.8996960486322189
11 5 1.0079071521759033 0.9057750759878419
11 6 1.0169250642259915 0.8806990881458967
11 7 1.0137599135438602 0.8958966565349544
11 8 1.0022761126359305 0.9240121580547113
11 9 1.0055278340975442 0.9247720364741642
12 0 1.1048824240763981 0.9050151975683891
12 1 1.017956202228864 0.9133738601823708
12 2 1.0232813556989035 0.9133738601823708
12 3 1.0179124797383943 0.9057750759878419
12 4 1.0041982034842172 0.918693009118541
12 5 1.0164509639143944 0.9072948328267477
12 6 1.0115782866875331 0.9088145896656535
12 7 1.0027286907037098 0.9293313069908815
12 8 1.0074881861607232 0.9232522796352584
12 9 0.9954561690489451 0.9278115501519757
13 0 1.0210507363080978 0.9194528875379939
13 1 0.9994505395491919 0.89209726443769
13 2 1.0128125473856926 0.9019756838905775
13 3 1.0130818262696266 0.9179331306990881
13 4 1.0104626342654228 0.9224924012158054
13 5 1.0181035995483398 0.9012158054711246
13 6 1.0012048383553822 0.9247720364741642
13 7 1.0057334825396538 0.9285714285714286
13 8 0.9984019994735718 0.9316109422492401
13 9 0.9948258822162945 0.932370820668693
14 0 1.0831761881709099 0.9148936170212766
14 1 1.0097003852327666 0.9224924012158054
14 2 1.013679251074791 0.9202127659574468
14 3 0.993227258324623 0.9247720364741642
14 4 1.0044726704557738 0.9285714285714286
14 5 0.9957540780305862 0.9285714285714286
14 6 0.9977479378382365 0.9141337386018237
14 7 0.9837515378991762 0.9354103343465046
14 8 0.9995195542772611 0.9346504559270516
14 9 1.001665843029817 0.912613981762918
15 0 1.0508183365066848 0.8875379939209727
15 1 1.014080824951331 0.9110942249240122
15 2 0.9986571470896403 0.9148936170212766
15 3 1.0017849504947662 0.9171732522796353
15 4 0.9972728962699572 0.912613981762918
15 5 0.989578403532505 0.9285714285714286
15 6 0.99532896031936 0.9308510638297872
15 7 0.9885528857509296 0.9285714285714286
15 8 1.0107472638289134 0.8996960486322189
15 9 0.995965763926506 0.9338905775075987
16 0 1.0289097055792809 0.9095744680851063
16 1 1.0213263407349586 0.9148936170212766
16 2 1.0142752726872761 0.912613981762918
16 3 1.0040234277645745 0.9285714285714286
16 4 1.008808506031831 0.9278115501519757
16 5 1.0118188485503197 0.8958966565349544
16 6 0.9962142705917357 0.9247720364741642
16 7 0.9870694230000179 0.932370820668693
16 8 0.9871136521299679 0.9338905775075987
16 9 0.9841528311371803 0.9354103343465046
17 0 1.051483651002248 0.9217325227963525
17 1 1.0174324835340183 0.9027355623100304
17 2 1.0112790862719219 0.9308510638297872
17 3 0.9969275991121929 0.9361702127659575
17 4 1.0038593634963036 0.9156534954407295
17 5 0.9933063810070356 0.9270516717325228
17 6 0.9952512408296268 0.9399696048632219
17 7 0.9978234916925431 0.9262917933130699
17 8 0.9995729178190232 0.9338905775075987
17 9 0.9795565803845724 0.9407294832826748
18 0 1.0639200409253438 0.9293313069908815
18 1 1.0122156689564388 0.9293313069908815
18 2 0.9956772401928902 0.9217325227963525
18 3 0.9891696721315384 0.9384498480243161
18 4 0.9971069370706875 0.9224924012158054
18 5 1.0030184189478557 0.9300911854103343
18 6 0.9933364366491637 0.9308510638297872
18 7 0.9878039509057999 0.9346504559270516
18 8 0.9949729591608049 0.9384498480243161
18 9 0.990267924964428 0.9422492401215805
19 0 1.0128401989738147 0.9399696048632219
19 1 1.0075329691171646 0.9224924012158054
19 2 0.9838780661424001 0.9285714285714286
19 3 0.9921896035472552 0.9354103343465046
19 4 0.9974418953061104 0.9376899696048632
19 5 0.985460137327512 0.9331306990881459
19 6 0.9961860552430153 0.9331306990881459
19 7 0.9852884188294411 0.9513677811550152
19 8 0.9912578761577606 0.9285714285714286
19 9 0.9864841401576996 0.9361702127659575
20 0 1.0454048042496047 0.9354103343465046
20 1 0.9957728857795397 0.9232522796352584
20 2 1.000541090965271 0.9293313069908815
20 3 0.9943853095173836 0.9422492401215805
20 4 0.9800755828619003 0.9407294832826748
20 5 0.9852661490440369 0.9506079027355623
20 6 0.9925176650285721 0.9430091185410334
20 7 0.9816479807098706 0.9430091185410334
20 8 0.9835631176829338 0.9452887537993921
20 9 0.9926161592205366 0.9460486322188449
21 0 1.056577980518341 0.9369300911854104
21 1 0.9946920573711395 0.9384498480243161
21 2 0.9962116256356239 0.9475683890577508
21 3 0.9902228141824404 0.9331306990881459
21 4 0.9935837189356487 0.9407294832826748
21 5 0.9850056245923042 0.9430091185410334
21 6 0.987743300696214 0.9460486322188449
21 7 0.9909007276097933 0.9414893617021277
21 8 0.997079886496067 0.9422492401215805
21 9 0.9859003672997158 0.9407294832826748
22 0 1.0625470479329426 0.9285714285714286
22 1 0.9961585626006126 0.9376899696048632
22 2 0.9874690001209577 0.9460486322188449
22 3 0.9844723989566166 0.9300911854103343
22 4 0.9815324818094572 0.9422492401215805
22 5 0.9868450413147608 0.9475683890577508
22 6 0.993134893476963 0.9285714285714286
22 7 0.9897167310118675 0.9278115501519757
22 8 0.985957885781924 0.932370820668693
22 9 0.9955947076280912 0.9407294832826748
23 0 1.0411111116409302 0.9270516717325228
23 1 1.0072900131344795 0.9065349544072948
23 2 0.989308625459671 0.9460486322188449
23 3 0.993307463824749 0.939209726443769
23 4 1.0078493257363637 0.9278115501519757
23 5 0.9864985793828964 0.9437689969604863
23 6 0.9895758454998334 0.9407294832826748
23 7 0.9843285009264946 0.9338905775075987
23 8 0.9858788549900055 0.9407294832826748
23 9 0.9877832035223644 0.9483282674772037
24 0 1.0246003717184067 0.9369300911854104
24 1 0.9987350900967915 0.9407294832826748
24 2 0.9921572829286257 0.9414893617021277
24 3 0.9915396148959795 0.9376899696048632
24 4 0.9941014076272646 0.9483282674772037
24 5 0.981116272509098 0.9460486322188449
24 6 0.987171895802021 0.9430091185410334
24 7 0.9818391501903534 0.9445288753799392
24 8 0.9901439920067787 0.9437689969604863
24 9 0.9927729691068331 0.9468085106382979
25 0 1.0375492349267006 0.9308510638297872
25 1 0.981209213534991 0.9490881458966566
25 2 0.9944232652584711 0.9475683890577508
25 3 0.9874501700202625 0.9407294832826748
25 4 0.985609104235967 0.9354103343465046
25 5 0.9825108771522839 0.9422492401215805
25 6 0.9821316401163737 0.9452887537993921
25 7 0.9804514894882838 0.939209726443769
25 8 0.9847947930296261 0.9422492401215805
25 9 0.9851645976305008 0.9452887537993921
26 0 1.0442131285866103 0.9361702127659575
26 1 1.0115373631318412 0.9430091185410334
26 2 0.9979521955053011 0.9331306990881459
26 3 1.0009397640824318 0.9414893617021277
26 4 0.982167087495327 0.9407294832826748
26 5 0.9952908431490263 0.918693009118541
26 6 0.9868728046615918 0.939209726443769
26 7 0.976282887160778 0.9452887537993921
26 8 0.9730268592635791 0.9354103343465046
26 9 0.9852281088630359 0.9399696048632219
27 0 1.04631257802248 0.9468085106382979
27 1 1.012894831597805 0.9262917933130699
27 2 0.9930054545402527 0.925531914893617
27 3 0.9786742702126503 0.9407294832826748
27 4 0.9860141724348068 0.9437689969604863
27 5 1.017349397142728 0.9247720364741642
27 6 1.0070930942893028 0.9430091185410334
27 7 1.0002443691094716 0.9414893617021277
27 8 0.9969676633675892 0.9331306990881459
27 9 0.9837018152077993 0.9285714285714286
28 0 1.0630211656292279 0.9521276595744681
28 1 0.997719906270504 0.9354103343465046
28 2 0.9867787410815556 0.9498480243161094
28 3 0.9780348539352417 0.9422492401215805
28 4 0.9876067514220873 0.9506079027355623
28 5 0.9820934906601906 0.9422492401215805
28 6 0.9811740393439928 0.9506079027355623
28 7 0.9791000435749689 0.9460486322188449
28 8 0.979566862185796 0.9338905775075987
28 9 0.9829532826940218 0.9498480243161094
29 0 1.024523600935936 0.9407294832826748
29 1 0.9874482428034147 0.9437689969604863
29 2 0.982050967713197 0.9452887537993921
29 3 0.9835022389888763 0.9513677811550152
29 4 0.9844222863515217 0.9506079027355623
29 5 0.9762031435966492 0.9513677811550152
29 6 0.9837628578146298 0.9559270516717325
29 7 0.9826851040124893 0.9407294832826748
29 8 0.9872350469231606 0.9422492401215805
29 9 0.9836634323000908 0.9452887537993921
30 0 1.0454513654112816 0.9194528875379939
30 1 1.0009792496760688 0.939209726443769
30 2 1.0190762281417847 0.9270516717325228
30 3 0.9913173789779345 0.9452887537993921
30 4 0.986506884296735 0.9452887537993921
30 5 0.9804726243019104 0.9354103343465046
30 6 0.9833486477533977 0.9452887537993921
30 7 0.9693644046783447 0.9422492401215805
30 8 0.9769512414932251 0.939209726443769
30 9 0.9882471064726511 0.9399696048632219
31 0 1.043672857185205 0.9460486322188449
31 1 1.0092797204852104 0.9338905775075987
31 2 0.9888653258482615 0.9050151975683891
31 3 0.9847015589475632 0.9346504559270516
31 4 0.9886831616361936 0.9414893617021277
31 5 0.9866069580117861 0.9460486322188449
31 6 0.9893668790658314 0.9513677811550152
31 7 0.9925057217478752 0.9490881458966566
31 8 0.982418345908324 0.9506079027355623
31 9 0.9821411122878392 0.9559270516717325
32 0 1.0137587810556095 0.9407294832826748
32 1 0.9886977026859919 0.9430091185410334
32 2 0.9859885672728221 0.9399696048632219
32 3 0.9889107594887416 0.9308510638297872
32 4 0.9916191945473353 0.9422492401215805
32 5 0.9705190857251484 0.9498480243161094
32 6 0.9827691366275151 0.9483282674772037
32 7 0.970578690369924 0.9490881458966566
32 8 0.9741747006773949 0.9468085106382979
32 9 0.969518723587195 0.9490881458966566
33 0 1.019550050298373 0.9407294832826748
33 1 0.9874378318587939 0.9513677811550152
33 2 0.9780802751580874 0.9521276595744681
33 3 0.9812830165028572 0.9468085106382979
33 4 0.970030037065347 0.9460486322188449
33 5 0.9784350370367368 0.9513677811550152
33 6 0.9653882955511411 0.9521276595744681
33 7 0.9744986221194267 0.9498480243161094
33 8 0.9846118340889614 0.9460486322188449
33 9 0.9675754432876905 0.9354103343465046
34 0 1.023691731194655 0.9240121580547113
34 1 1.005544441441695 0.9437689969604863
34 2 0.986556813120842 0.9521276595744681
34 3 0.9869874914487203 0.9475683890577508
34 4 0.9938871661822001 0.9376899696048632
34 5 0.9790257712205251 0.9468085106382979
34 6 0.9790122658014297 0.9490881458966566
34 7 0.9822965860366821 0.9452887537993921
34 8 0.9710458268721898 0.952887537993921
34 9 0.9756117885311444 0.9544072948328267
35 0 1.0139899626374245 0.9475683890577508
35 1 0.9898209621508915 0.9422492401215805
35 2 0.9703453282515208 0.9483282674772037
35 3 0.9865840623776118 0.9407294832826748
35 4 0.9858326266209285 0.918693009118541
35 5 0.9685561135411263 0.9506079027355623
35 6 0.9790268366535504 0.9338905775075987
35 7 0.9802736714482307 0.9452887537993921
35 8 0.9674492155512174 0.9437689969604863
35 9 0.9704040562113126 0.952887537993921
36 0 1.0136506855487823 0.9521276595744681
36 1 0.984460897743702 0.9513677811550152
36 2 0.9750031630198162 0.9422492401215805
36 3 0.9732861543695132 0.9445288753799392
36 4 0.9862091938654582 0.9430091185410334
36 5 0.9693992137908936 0.9498480243161094
36 6 0.97884118805329 0.9544072948328267
36 7 0.97684412697951 0.952887537993921
36 8 0.9642592320839565 0.9376899696048632
36 9 0.9707604746023814 0.9452887537993921
37 0 1.0231683477759361 0.952887537993921
37 1 0.9892400577664375 0.9331306990881459
37 2 0.9884681850671768 0.9430091185410334
37 3 0.9687585035959879 0.9498480243161094
37 4 0.9822287385662397 0.9460486322188449
37 5 0.9721648891766866 0.9452887537993921
37 6 0.9777115186055502 0.9498480243161094
37 7 0.9739738876620928 0.9316109422492401
37 8 0.9744567895929019 0.9506079027355623
37 9 0.9791382650534312 0.9498480243161094
38 0 1.09357068190972 0.9513677811550152
38 1 0.985883871714274 0.9506079027355623
38 2 0.9834772224227588 0.9536474164133738
38 3 0.9874534358580908 0.9437689969604863
38 4 0.9778259123365084 0.9300911854103343
38 5 0.9732742756605148 0.9369300911854104
38 6 0.9791102036833763 0.9506079027355623
38 7 0.9732280075550079 0.9536474164133738
38 8 0.9736353829503059 0.9475683890577508
38 9 0.9623290424545605 0.9536474164133738
39 0 1.0023699204126995 0.9422492401215805
39 1 0.994177242120107 0.9498480243161094
39 2 0.976361371576786 0.952887537993921
39 3 0.9734972094496092 0.9582066869300911
39 4 0.9684488375981648 0.9430091185410334
39 5 0.9830226997534434 0.9460486322188449
39 6 0.9812376921375592 0.9384498480243161
39 7 0.9655257388949394 0.9490881458966566
39 8 0.9681057805816332 0.9536474164133738
39 9 0.982677606244882 0.9483282674772037
40 0 1.066787948211034 0.9513677811550152
40 1 0.9862033203244209 0.9452887537993921
40 2 0.9878430118163427 0.952887537993921
40 3 0.9703455592195193 0.9544072948328267
40 4 0.9769436046481133 0.939209726443769
40 5 0.9963022470474243 0.9354103343465046
40 6 0.9615312491854031 0.952887537993921
40 7 0.974013884862264 0.9445288753799392
40 8 0.9853745698928833 0.9430091185410334
40 9 0.9677580321828524 0.9498480243161094
41 0 1.0276445796092353 0.952887537993921
41 1 0.9791638503472011 0.9437689969604863
41 2 0.9726360589265823 0.9490881458966566
41 3 0.9978252773483594 0.9430091185410334
41 4 0.9739430968960127 0.9468085106382979
41 5 0.9732380161682764 0.9452887537993921
41 6 0.9754437208175659 0.9566869300911854
41 7 0.974223718047142 0.9437689969604863
41 8 0.9770614355802536 0.9513677811550152
41 9 0.9766107027729352 0.9483282674772037
42 0 1.014659084379673 0.9506079027355623
42 1 0.9756918251514435 0.9544072948328267
42 2 0.9888970802227656 0.9475683890577508
42 3 0.9751618827382724 0.9179331306990881
42 4 0.980293835202853 0.9369300911854104
42 5 0.9698222304383914 0.9566869300911854
42 6 0.9921094973882039 0.9566869300911854
42 7 0.9815521811445554 0.9498480243161094
42 8 0.9791776115695635 0.9513677811550152
42 9 0.9784629493951797 0.9445288753799392
43 0 1.022312194108963 0.9574468085106383
43 1 0.9996207778652508 0.9422492401215805
43 2 0.9855686699350674 0.9338905775075987
43 3 0.9795502399404844 0.9521276595744681
43 4 0.9766104171673458 0.9536474164133738
43 5 0.9680608212947845 0.9521276595744681
43 6 0.9644918019572895 0.9430091185410334
43 7 0.9776609912514687 0.9468085106382979
43 8 0.9733186985055605 0.9521276595744681
43 9 0.9579191009203593 0.9544072948328267
44 0 1.0031842688719432 0.9506079027355623
44 1 0.984528807302316 0.9247720364741642
44 2 0.9784263124068577 0.9285714285714286
44 3 0.9746463149785995 0.9544072948328267
44 4 0.9783394982417425 0.9551671732522796
44 5 0.9767615174253781 0.9521276595744681
44 6 0.9935208310683568 0.9354103343465046
44 7 0.9745874181389809 0.9430091185410334
44 8 0.9689533859491348 0.9536474164133738
44 9 0.975602500140667 0.9544072948328267
45 0 1.052733158071836 0.9506079027355623
45 1 0.9773925170302391 0.9574468085106383
45 2 0.9850207765897114 0.9574468085106383
45 3 0.9822538966933887 0.9483282674772037
45 4 0.9751337965329487 0.9285714285714286
45 5 0.9758667548497517 0.9574468085106383
45 6 0.9572991927464802 0.9536474164133738
45 7 0.9739268297950427 0.952887537993921
45 8 0.9701930830876033 0.9582066869300911
45 9 0.9663204426566759 0.9566869300911854
46 0 1.0097397193312645 0.9566869300911854
46 1 0.9792028864224751 0.958966565349544
46 2 0.9668603787819545 0.9574468085106383
46 3 0.9750169242421787 0.9551671732522796
46 4 0.9774666006366411 0.9566869300911854
46 5 0.96426293750604 0.9551671732522796
46 6 0.9579174071550369 0.9544072948328267
46 7 0.9735483527183533 0.9498480243161094
46 8 0.9648790657520294 0.9574468085106383
46 9 0.9679716875155766 0.9483282674772037
47 0 1.0402166272203126 0.9338905775075987
47 1 0.9866292451818783 0.9521276595744681
47 2 0.9844427431623141 0.9521276595744681
47 3 0.9856184000770252 0.9361702127659575
47 4 0.9773100540041924 0.952887537993921
47 5 0.9670705472429594 0.9445288753799392
47 6 0.9749963904420536 0.9521276595744681
47 7 0.9639109621445338 0.9475683890577508
47 8 0.974256195127964 0.9566869300911854
47 9 0.9684563477834065 0.952887537993921
48 0 1.0241330191493034 0.9430091185410334
48 1 0.9713238452871641 0.9582066869300911
48 2 0.9756571501493454 0.9544072948328267
48 3 0.9756783843040466 0.9574468085106383
48 4 0.9717380354801813 0.9582066869300911
48 5 0.9733228137095769 0.9513677811550152
48 6 0.9609245831767718 0.958966565349544
48 7 0.9657582690318425 0.9574468085106383
48 8 0.9742969324191412 0.9452887537993921
48 9 0.9736736491322517 0.9513677811550152
49 0 1.0336659327149391 0.952887537993921
49 1 0.9906626070539157 0.958966565349544
49 2 0.9689042295018832 0.9513677811550152
49 3 0.9700781131784122 0.9407294832826748
49 4 0.981664719680945 0.952887537993921
49 5 0.9623084589838982 0.9506079027355623
49 6 0.9817333817481995 0.9566869300911854
49 7 0.9813371673226357 0.9544072948328267
49 8 0.9774237970511118 0.9521276595744681
49 9 0.9905090555548668 0.9483282674772037
