0 0 1.5528860042492547 0.5524316109422492
0 1 1.4608786652485528 0.53419452887538
0 2 1.402185176809629 0.53419452887538
0 3 1.3847707360982895 0.53419452887538
0 4 1.3665842215220134 0.574468085106383
0 5 1.358074535926183 0.581306990881459
0 6 1.3426245848337808 0.5782674772036475
0 7 1.326448346177737 0.5752279635258358
0 8 1.3238247632980347 0.5820668693009119
0 9 1.3343496968348822 0.5828267477203647
1 0 1.424462248881658 0.71580547112462
1 1 1.357127606868744 0.5790273556231003
1 2 1.3223883559306464 0.5721884498480243
1 3 1.2994333803653717 0.6512158054711246
1 4 1.32450067003568 0.5866261398176292
1 5 1.3031052748362224 0.5843465045592705
1 6 1.2999910811583202 0.6709726443768997
1 7 1.2732215225696564 0.668693009118541
1 8 1.2622986882925034 0.7613981762917933
1 9 1.2427431245644889 0.6831306990881459
2 0 1.3842585434516272 0.6177811550151976
2 1 1.243076354265213 0.8206686930091185
2 2 1.272227868437767 0.7104863221884499
2 3 1.2662097265323005 0.7180851063829787
2 4 1.2573312371969223 0.6534954407294833
2 5 1.214684213201205 0.7355623100303952
2 6 1.2180401881535847 0.7408814589665653
2 7 1.2058770085374515 0.7370820668693009
2 8 1.201048063735167 0.7462006079027356
2 9 1.183641249934832 0.75
3 0 1.261972705523173 0.6344984802431611
3 1 1.307623821000258 0.7332826747720365
3 2 1.23812140027682 0.7051671732522796
3 3 1.1996567621827126 0.7370820668693009
3 4 1.1711067060629525 0.7484802431610942
3 5 1.17457747956117 0.7462006079027356
3 6 1.174272378285726 0.7492401215805471
3 7 1.1705107962091765 0.7507598784194529
3 8 1.1628127992153168 0.7515197568389058
3 9 1.1539059256513915 0.7545592705167173
4 0 1.2085960159699123 0.8404255319148937
4 1 1.2049233714739482 0.7340425531914894
4 2 1.1420744806528091 0.8100303951367781
4 3 1.092321015894413 0.8411854103343465
4 4 1.1122875486811004 0.8259878419452887
4 5 1.0854636530081432 0.8609422492401215
4 6 1.0793078963955243 0.8829787234042553
4 7 1.0765424544612567 0.8586626139817629
4 8 1.061568515996138 0.8898176291793313
4 9 1.0528349926074347 0.8647416413373861
5 0 1.1448843454321227 0.8776595744680851
5 1 1.1056877598166466 0.7887537993920972
5 2 1.0763032535711925 0.8624620060790273
5 3 1.0742420156796775 0.8320668693009119
5 4 1.0635277976592383 0.8503039513677811
5 5 1.0774181559681892 0.8495440729483282
5 6 1.0586754009127617 0.871580547112462
5 7 1.0467535331845284 0.8974164133738601
5 8 1.0796190525094667 0.8632218844984803
5 9 1.056431842346986 0.8761398176291794
6 0 1.0856607556343079 0.8655015197568389
6 1 1.1233252957463264 0.7879939209726444
6 2 1.1273207540313401 0.7796352583586627
6 3 1.1362953136364617 0.8039513677811551
6 4 1.1444574917356174 0.7986322188449848
6 5 1.1269987126191459 0.8031914893617021
6 6 1.115823616584142 0.8054711246200608
6 7 1.1237738206982613 0.8069908814589666
6 8 1.1266321440537772 0.8077507598784195
6 9 1.1007332404454548 0.8867781155015197
7 0 1.152536578476429 0.8434650455927052
7 1 1.0826770837108293 0.837386018237082
7 2 1.0617437958717346 0.8594224924012158
7 3 1.0578109299143155 0.8655015197568389
7 4 1.0340476681788764 0.871580547112462
7 5 1.0467142090201378 0.8662613981762918
7 6 1.0507867087920506 0.8890577507598785
7 7 1.0469051276644072 0.9004559270516718
7 8 1.0709154531359673 0.8996960486322189
7 9 1.040831131239732 0.8609422492401215
8 0 1.095293233791987 0.8882978723404256
8 1 1.0952326531211534 0.8814589665653495
8 2 1.0546391333142915 0.8586626139817629
8 3 1.0516967376073203 0.8860182370820668
8 4 1.045838584502538 0.8708206686930091
8 5 1.041415644188722 0.8943768996960486
8 6 1.0350704292456308 0.8890577507598785
8 7 1.0532549023628235 0.8632218844984803
8 8 1.0260685880978901 0.9012158054711246
8 9 1.058585986495018 0.8875379939209727
9 0 1.1552158122261367 0.8829787234042553
9 1 1.1012317563096683 0.8487841945288754
9 2 1.0607094789544742 0.8708206686930091
9 3 1.0447616800665855 0.8875379939209727
9 4 1.046030821899573 0.8822188449848024
9 5 1.027879647910595 0.9019756838905775
9 6 1.0456391647458076 0.9057750759878419
9 7 1.0425934319694838 0.8799392097264438
9 8 1.0618102277318637 0.8624620060790273
9 9 1.0441487381855648 0.9012158054711246
10 0 1.0845989411075911 0.9012158054711246
10 1 1.0576695154110591 0.8465045592705167
10 2 1.051635093986988 0.8951367781155015
10 3 1.0203652754426003 0.8996960486322189
10 4 1.0334817866484323 0.8943768996960486
10 5 1.0399166196584702 0.8951367781155015
10 6 1.0400756175319354 0.8647416413373861
10 7 1.0249581287304559 0.9019756838905775
10 8 1.038509540259838 0.9027355623100304
10 9 1.035798249145349 0.8829787234042553
11 0 1.0897357588013015 0.9012158054711246
11 1 1.0471813653906186 0.8806990881458967
11 2 1.0417523011565208 0.8624620060790273
11 3 1.0249415934085846 0.9050151975683891
11 4 1.0491082072257996 0.9050151975683891
11 5 1.0399590581655502 0.8632218844984803
11 6 1.0306091532111168 0.9004559270516718
11 7 1.038760299483935 0.9042553191489362
11 8 1.0332797641555467 0.9019756838905775
11 9 1.0157497450709343 0.8996960486322189
12 0 1.1170132656892142 0.9019756838905775
12 1 1.0655931408206623 0.8548632218844985
12 2 1.032839832206567 0.8936170212765957
12 3 1.0230452890197437 0.8875379939209727
12 4 1.033187784254551 0.9027355623100304
12 5 1.0352707703908286 0.8928571428571429
12 6 1.0309986596306167 0.8951367781155015
12 7 1.03409031778574 0.898176291793313
12 8 1.0277169297138848 0.8905775075987842
12 9 1.0195950046181679 0.9057750759878419
13 0 1.0980586856603622 0.9034954407294833
13 1 1.0320810054739318 0.9027355623100304
13 2 1.0387981434663136 0.8936170212765957
13 3 1.0249628002444902 0.8814589665653495
13 4 1.0234125579396882 0.9080547112462006
13 5 1.0294309705495834 0.8958966565349544
13 6 1.0315238957603772 0.8875379939209727
13 7 1.0324322283267975 0.9065349544072948
13 8 1.0280905067920685 0.9019756838905775
13 9 1.0399228806296983 0.8776595744680851
14 0 1.0681579957405725 0.9027355623100304
14 1 1.042340653638045 0.8974164133738601
14 2 1.0234566231568654 0.898936170212766
14 3 1.0205647622545562 0.8905775075987842
14 4 1.0239495063821475 0.9042553191489362
14 5 1.0224461058775585 0.8913373860182371
14 6 1.018471397459507 0.9050151975683891
14 7 1.0208169768253963 0.9050151975683891
14 8 1.0148092384139697 0.9057750759878419
14 9 1.019541290899118 0.8996960486322189
15 0 1.0935885980725288 0.9080547112462006
15 1 1.0366400852799416 0.9050151975683891
15 2 1.0227523719271026 0.89209726443769
15 3 1.026558481156826 0.9057750759878419
15 4 1.0122788026928902 0.9050151975683891
15 5 1.031821365157763 0.9027355623100304
15 6 1.01113078246514 0.9065349544072948
15 7 1.0005697458982468 0.9103343465045592
15 8 1.0326494897405305 0.8974164133738601
15 9 1.0300799806912742 0.8768996960486323
16 0 1.089085338016351 0.9042553191489362
16 1 1.0390861282745996 0.9042553191489362
16 2 1.02850362410148 0.8867781155015197
16 3 1.0197871749599774 0.8829787234042553
16 4 1.0248630667726197 0.9095744680851063
16 5 1.0212460334102311 0.9012158054711246
16 6 1.0216846888264022 0.9019756838905775
16 7 1.0246918772657714 0.8966565349544073
16 8 1.0159606958429017 0.8974164133738601
16 9 1.01212906340758 0.9034954407294833
17 0 1.0785636355479558 0.9065349544072948
17 1 1.0250847463806472 0.9012158054711246
17 2 1.0222001547614732 0.8966565349544073
17 3 1.0134061500430107 0.8829787234042553
17 4 1.0196426063776016 0.9042553191489362
17 5 1.0138963957627614 0.9080547112462006
17 6 1.0161534572641053 0.9072948328267477
17 7 1.0180489098032315 0.9004559270516718
17 8 0.9945902427037556 0.9072948328267477
17 9 1.0177593876918156 0.9072948328267477
18 0 1.0869100019335747 0.9034954407294833
18 1 1.0249552552898724 0.9065349544072948
18 2 1.0250117555260658 0.9057750759878419
18 3 1.0289694642027218 0.9042553191489362
18 4 1.0151615217328072 0.9042553191489362
18 5 1.01060455540816 0.8996960486322189
18 6 1.011436072488626 0.9110942249240122
18 7 1.0175390069683394 0.9065349544072948
18 8 1.0172314246495566 0.9050151975683891
18 9 1.00936858355999 0.9088145896656535
19 0 1.0735010579228401 0.9050151975683891
19 1 1.0096360817551613 0.9027355623100304
19 2 1.009945976237456 0.9065349544072948
19 3 1.0105008631944656 0.9034954407294833
19 4 1.014513649046421 0.9034954407294833
19 5 1.01216609030962 0.9065349544072948
19 6 1.0123193164666495 0.9042553191489362
19 7 1.0049686605731647 0.9072948328267477
19 8 1.0163237129648528 0.9080547112462006
19 9 1.00485656162103 0.9042553191489362
