0 0 1.5030044883489608 0.53419452887538
0 1 1.3850687235593795 0.581306990881459
0 2 1.3552042186260223 0.5729483282674772
0 3 1.3275808155536652 0.5820668693009119
0 4 1.311040472984314 0.5820668693009119
0 5 1.2988672822713854 0.628419452887538
0 6 1.29321573972702 0.6884498480243161
0 7 1.2907540500164032 0.6846504559270516
0 8 1.280013346672058 0.71580547112462
0 9 1.2693973630666733 0.7203647416413373
1 0 1.3728485316038133 0.6762917933130699
1 1 1.3374254614114762 0.5881458966565349
1 2 1.387418654561043 0.5296352583586627
1 3 1.3443674057722093 0.6223404255319149
1 4 1.3443583786487578 0.6200607902735562
1 5 1.3077222824096681 0.6193009118541033
1 6 1.2902962744235993 0.6223404255319149
1 7 1.2959939524531365 0.628419452887538
1 8 1.2953832671046257 0.6291793313069909
1 9 1.257076159119606 0.6261398176291794
2 0 1.307926033437252 0.6952887537993921
2 1 1.2457217112183572 0.7044072948328267
2 2 1.199434681236744 0.8229483282674772
2 3 1.1601822972297668 0.837386018237082
2 4 1.1053635254502296 0.8670212765957447
2 5 1.0903171822428703 0.8655015197568389
2 6 1.1173278763890266 0.8662613981762918
2 7 1.068529410660267 0.8693009118541033
2 8 1.0745808705687523 0.8776595744680851
2 9 1.0701506257057192 0.8670212765957447
3 0 1.1097603738307953 0.8829787234042553
3 1 1.1052464202046395 0.8632218844984803
3 2 1.0531164154410364 0.8974164133738601
3 3 1.0571693494915961 0.8958966565349544
3 4 1.0406434789299965 0.9042553191489362
3 5 1.034822592139244 0.9042553191489362
3 6 1.0529724404215814 0.8974164133738601
3 7 1.0591776728630067 0.8814589665653495
3 8 1.0526379257440566 0.9103343465045592
3 9 1.032187943160534 0.9042553191489362
4 0 1.1144809067249297 0.8776595744680851
4 1 1.0662495210766791 0.8837386018237082
4 2 1.039582160115242 0.9095744680851063
4 3 1.0448000833392141 0.9042553191489362
4 4 1.0481390982866288 0.8958966565349544
4 5 1.0375363022089004 0.9088145896656535
4 6 1.0304303884506227 0.9012158054711246
4 7 1.0299521863460541 0.8958966565349544
4 8 1.0322648271918298 0.9019756838905775
4 9 1.0384329974651338 0.8936170212765957
5 0 1.088900473713875 0.8837386018237082
5 1 1.0479261085391045 0.8806990881458967
5 2 1.0406952291727065 0.9057750759878419
5 3 1.0280617371201517 0.9004559270516718
5 4 1.0312144845724105 0.9080547112462006
5 5 1.012304823100567 0.9095744680851063
5 6 1.0323732569813728 0.9118541033434651
5 7 1.0268171042203904 0.9095744680851063
5 8 1.0182355493307114 0.9194528875379939
5 9 1.02458099424839 0.918693009118541
6 0 1.087697586417198 0.8844984802431611
6 1 1.0387161836028098 0.9065349544072948
6 2 1.0237499818205833 0.9103343465045592
6 3 1.0275720804929733 0.9080547112462006
6 4 1.0232549667358397 0.9148936170212766
6 5 1.0106875032186509 0.9171732522796353
6 6 1.0105855867266655 0.9148936170212766
6 7 1.015493829548359 0.9202127659574468
6 8 1.0047011494636535 0.9110942249240122
6 9 1.0060278221964838 0.9148936170212766
7 0 1.0734501615166663 0.9065349544072948
7 1 1.0199607208371164 0.89209726443769
7 2 1.012013678252697 0.912613981762918
7 3 1.0212468266487122 0.9050151975683891
7 4 1.0091066926717758 0.9164133738601824
7 5 1.0145836129784584 0.9141337386018237
7 6 1.0187782526016236 0.9224924012158054
7 7 1.0051964476704598 0.9156534954407295
7 8 1.0240844383835792 0.9110942249240122
7 9 1.0126958549022675 0.9247720364741642
8 0 1.074343529343605 0.9080547112462006
8 1 1.0127215579152107 0.9057750759878419
8 2 1.0073319971561432 0.9141337386018237
8 3 1.0185099720954895 0.9209726443768997
8 4 1.0112244382500648 0.9217325227963525
8 5 1.0038082197308542 0.912613981762918
8 6 1.0079435139894484 0.9224924012158054
8 7 1.0071462959051132 0.9217325227963525
8 8 1.0175449386239053 0.9080547112462006
8 9 1.008731061220169 0.9156534954407295
9 0 1.0824989169836043 0.9179331306990881
9 1 1.0192365556955338 0.8905775075987842
9 2 1.0176352187991142 0.9209726443768997
9 3 1.0124696999788285 0.9240121580547113
9 4 0.9996890544891357 0.9270516717325228
9 5 1.0068016991019249 0.9171732522796353
9 6 1.015429049730301 0.9164133738601824
9 7 1.0012694418430328 0.9224924012158054
9 8 0.9960243910551071 0.9262917933130699
9 9 1.0144809678196907 0.9171732522796353
