0 0 1.5989871496955554 0.5251524390243902
0 1 1.5825928101936975 0.5045731707317073
0 2 1.5086443995436034 0.4733231707317073
0 3 1.4561213850975037 0.48551829268292684
0 4 1.431321864326795 0.5045731707317073
0 5 1.4146404092510543 0.49847560975609756
0 6 1.3943343758583069 0.604420731707317
0 7 1.3785749090214572 0.5762195121951219
0 8 1.321558987100919 0.6059451219512195
0 9 1.3535974125067392 0.5990853658536586
1 0 1.3283363978068035 0.5754573170731707
1 1 1.3721490142246084 0.5807926829268293
1 2 1.3757324926555157 0.6021341463414634
1 3 1.3749496030310788 0.573170731707317
1 4 1.380440923074881 0.5632621951219512
1 5 1.3562532713015876 0.5457317073170732
1 6 1.3427534302075703 0.6074695121951219
1 7 1.3705010302364826 0.6082317073170732
1 8 1.3508372555176416 0.6051829268292683
1 9 1.3115993365645409 0.6059451219512195
2 0 1.3502740040421486 0.6737804878048781
2 1 1.30700487891833 0.6219512195121951
2 2 1.3486371810237565 0.604420731707317
2 3 1.3867051973938942 0.5342987804878049
2 4 1.3136216203371684 0.6135670731707317
2 5 1.2385950411359468 0.6417682926829268
2 6 1.239327075580756 0.7339939024390244
2 7 1.2259178633491197 0.7309451219512195
2 8 1.1892031220098336 0.7766768292682927
2 9 1.191226021697124 0.7423780487804879
3 0 1.1969816597799463 0.7637195121951219
3 1 1.1753286086022854 0.7149390243902439
3 2 1.2295972146093845 0.7667682926829268
3 3 1.177947510033846 0.788109756097561
3 4 1.1958885664741197 0.7675304878048781
3 5 1.192944847047329 0.774390243902439
3 6 1.148973971605301 0.8102134146341463
3 7 1.1865475413699946 0.7995426829268293
3 8 1.1554054915904999 0.7934451219512195
3 9 1.1562962792813778 0.7911585365853658
4 0 1.1511584160228572 0.8650914634146342
4 1 1.161722306162119 0.7835365853658537
4 2 1.1150440983474255 0.8262195121951219
4 3 1.1235918377836547 0.8407012195121951
4 4 1.1291777715086937 0.8201219512195121
4 5 1.121544995655616 0.8048780487804879
4 6 1.1453676025072732 0.7964939024390244
4 7 1.1253441460430622 0.8102134146341463
4 8 1.1352901955445607 0.8064024390243902
4 9 1.1084546906252701 0.8620426829268293
5 0 1.0915532372891903 0.8033536585365854
5 1 1.1636495478451252 0.7698170731707317
5 2 1.1001077679296334 0.7690548780487805
5 3 1.1109208489457765 0.8246951219512195
5 4 1.1503113582730293 0.8140243902439024
5 5 1.1495360247790813 0.8079268292682927
5 6 1.1476678773760796 0.8178353658536586
5 7 1.113788784792026 0.8117378048780488
5 8 1.1086963874598343 0.8399390243902439
5 9 1.0965978826085727 0.8734756097560976
6 0 1.09303821499149 0.8391768292682927
6 1 1.1089971686402957 0.854420731707317
6 2 1.0921572434405484 0.8429878048780488
6 3 1.1143995809058347 0.7957317073170732
6 4 1.094597766796748 0.8521341463414634
6 5 1.1358206185201802 0.788109756097561
6 6 1.0963979152341685 0.7667682926829268
6 7 1.1490178021291892 0.7721036585365854
6 8 1.0874572346607843 0.8208841463414634
6 9 1.0924017764627931 0.8589939024390244
7 0 1.0866994361082714 0.84375
7 1 1.1258440005282562 0.8498475609756098
7 2 1.0809355092545352 0.8628048780487805
7 3 1.094148604820172 0.8178353658536586
7 4 1.0855123785634835 0.84375
7 5 1.0951755220691362 0.864329268292683
7 6 1.0818504318594933 0.8742378048780488
7 7 1.0641707194348176 0.8628048780487805
7 8 1.075021849324306 0.8208841463414634
7 9 1.0890936342378459 0.8612804878048781
8 0 1.0715397596359253 0.8940548780487805
8 1 1.0736576293905578 0.8246951219512195
8 2 1.0936117892464001 0.84375
8 3 1.0760995633900166 0.885670731707317
8 4 1.0687246049443881 0.8986280487804879
8 5 1.055403751631578 0.8673780487804879
8 6 1.0698901116847992 0.8780487804878049
8 7 1.0615900233387947 0.8521341463414634
8 8 1.101844465980927 0.864329268292683
8 9 1.0996210736533005 0.8742378048780488
9 0 1.0892588583131633 0.864329268292683
9 1 1.0754129601021607 0.8810975609756098
9 2 1.0589650087058544 0.8879573170731707
9 3 1.0672566667199135 0.8353658536585366
9 4 1.0398980379104614 0.8582317073170732
9 5 1.0985080227255821 0.8917682926829268
9 6 1.0969545555611453 0.8810975609756098
9 7 1.0867309992512069 0.8887195121951219
9 8 1.0805911732216678 0.8521341463414634
9 9 1.1014774031937122 0.84375
10 0 1.0780936032533646 0.8696646341463414
10 1 1.0832771236697831 0.8612804878048781
10 2 1.0633508587876956 0.8727134146341463
10 3 1.0510013078649838 0.8772865853658537
10 4 1.0405520399411519 0.8704268292682927
10 5 1.0609919093549252 0.8978658536585366
10 6 1.0487248127659161 0.8734756097560976
10 7 1.0567192969222863 0.8948170731707317
10 8 1.0751030296087265 0.8727134146341463
10 9 1.0780130376418433 0.9070121951219512
