0 0 1.4583722631136578 0.6200607902735562
0 1 1.3449907938639325 0.5775075987841946
0 2 1.3135658959547678 0.6299392097264438
0 3 1.3258380532264709 0.5820668693009119
1 0 1.3789363284905751 0.6580547112462006
1 1 1.2884406566619873 0.6846504559270516
1 2 1.3290096521377563 0.5835866261398176
1 3 1.3026634335517882 0.6747720364741642
2 0 1.2698359191417694 0.776595744680851
2 1 1.253975361585617 0.7059270516717325
2 2 1.201065319776535 0.8252279635258358
2 3 1.1808122446139653 0.8191489361702128
3 0 1.144399819771449 0.8480243161094225
3 1 1.2062717894713084 0.736322188449848
3 2 1.191382732987404 0.736322188449848
3 3 1.183475825190544 0.7416413373860182
4 0 1.1447850505510966 0.8290273556231003
4 1 1.130271750688553 0.8252279635258358
4 2 1.1179186751445136 0.851823708206687
4 3 1.1519212394952774 0.8024316109422492
5 0 1.09874979754289 0.8662613981762918
5 1 1.1084257354338964 0.8867781155015197
5 2 1.0861463487148284 0.8890577507598785
5 3 1.0590100238720577 0.8586626139817629
6 0 1.109812649091085 0.8875379939209727
6 1 1.114654610554377 0.8024316109422492
6 2 1.1160299251476924 0.7819148936170213
6 3 1.1154378364483517 0.8100303951367781
7 0 1.077624566356341 0.8951367781155015
7 1 1.0550132195154824 0.8898176291793313
7 2 1.0348806411027907 0.9012158054711246
7 3 1.0262439558903376 0.8996960486322189
8 0 1.0561007370551427 0.9027355623100304
8 1 1.056206724047661 0.8875379939209727
8 2 1.038060423731804 0.9042553191489362
8 3 1.0360674778620402 0.8996960486322189
9 0 1.0456334114074708 0.898936170212766
9 1 1.0363887667655947 0.898936170212766
9 2 1.0292305678129194 0.9004559270516718
9 3 1.0287879357735314 0.9034954407294833
10 0 1.0542926977078118 0.9019756838905775
10 1 1.0344192892313004 0.9110942249240122
10 2 1.020304833849271 0.9156534954407295
10 3 1.0187369098265966 0.9088145896656535
11 0 1.0526415367921194 0.9103343465045592
11 1 1.0280884206295013 0.8898176291793313
11 2 1.0126780331134797 0.9027355623100304
11 3 1.0367775042851766 0.8958966565349544
12 0 1.046044033765793 0.9050151975683891
12 1 1.0192065288623176 0.9141337386018237
12 2 1.0137672156095503 0.9202127659574468
12 3 1.0114322553078334 0.918693009118541
13 0 1.0359515418608982 0.918693009118541
13 1 1.0214208533366522 0.9179331306990881
13 2 1.0063307205835978 0.9103343465045592
13 3 1.0178304026524225 0.9179331306990881
14 0 1.0392347087462745 0.9141337386018237
14 1 1.0374795208374659 0.9012158054711246
14 2 1.0023471643527349 0.9270516717325228
14 3 1.016746414701144 0.9278115501519757
15 0 1.031182379523913 0.9194528875379939
15 1 1.0091923226912818 0.9270516717325228
15 2 1.019204584757487 0.9164133738601824
15 3 0.9932856430610021 0.9316109422492401
16 0 1.046935749053955 0.9148936170212766
16 1 1.0038456390301387 0.9179331306990881
16 2 1.0038069049517313 0.9179331306990881
16 3 1.0125047753254572 0.9179331306990881
17 0 1.0325159927209218 0.9293313069908815
17 1 1.0120950649182001 0.9179331306990881
17 2 0.9974828203519186 0.9293313069908815
17 3 1.0124435484409333 0.9209726443768997
18 0 1.0405563086271286 0.9232522796352584
18 1 1.0071461121241252 0.9285714285714286
18 2 1.0143844932317734 0.9095744680851063
18 3 1.0051012665033339 0.9164133738601824
19 0 1.0484865188598633 0.918693009118541
19 1 1.0040722399950028 0.9179331306990881
19 2 0.9967928985754648 0.9194528875379939
19 3 0.996510723233223 0.9308510638297872
20 0 1.0223048736651739 0.9270516717325228
20 1 1.0073854138453804 0.9262917933130699
20 2 1.001359337568283 0.925531914893617
20 3 1.0050363083680471 0.9209726443768997
21 0 1.0266844729582467 0.9232522796352584
21 1 1.0060642570257188 0.9338905775075987
21 2 0.9974998652935028 0.9217325227963525
21 3 0.9939896076917647 0.9285714285714286
22 0 1.026750468214353 0.9278115501519757
22 1 1.0098625471194587 0.9270516717325228
22 2 1.0189382473627726 0.9057750759878419
22 3 0.9949244270722071 0.9331306990881459
23 0 1.0350089430809022 0.9232522796352584
23 1 1.0197203159332275 0.9164133738601824
23 2 0.998524468143781 0.9285714285714286
23 3 0.9979369123776753 0.9316109422492401
24 0 1.018177930514018 0.9262917933130699
24 1 0.9934828658898671 0.9300911854103343
24 2 1.0001833359400432 0.9331306990881459
24 3 0.9899576087792714 0.9361702127659575
25 0 1.0312610497077306 0.9270516717325228
25 1 0.993855357170105 0.9338905775075987
25 2 0.9894710133473078 0.9293313069908815
25 3 0.9874087542295455 0.9338905775075987
26 0 1.0195036947727203 0.9293313069908815
26 1 0.9984665244817733 0.9338905775075987
26 2 1.0042470782995225 0.932370820668693
26 3 1.0044641554355622 0.9338905775075987
27 0 1.015672900279363 0.9285714285714286
27 1 0.9955898900826772 0.9384498480243161
27 2 0.9984644512335459 0.9300911854103343
27 3 1.0002093354860944 0.9308510638297872
28 0 1.0185781071583428 0.9278115501519757
28 1 0.9894382635752361 0.9354103343465046
28 2 0.9992554247379303 0.9293313069908815
28 3 0.9908884863058726 0.9346504559270516
29 0 1.0185704588890077 0.9300911854103343
29 1 1.0079915930827457 0.9300911854103343
29 2 1.0039976507425308 0.9300911854103343
29 3 0.986798545718193 0.9361702127659575
30 0 1.0206602533658344 0.9285714285714286
30 1 1.0083369175593058 0.9141337386018237
30 2 0.9918540487686793 0.9338905775075987
30 3 0.9936082700888316 0.9209726443768997
31 0 1.0063556889692942 0.9308510638297872
31 1 0.9974544624487559 0.9331306990881459
31 2 0.9844951162735621 0.9278115501519757
31 3 0.9908933331569036 0.9369300911854104
32 0 1.0181677957375845 0.932370820668693
32 1 0.995625443259875 0.9361702127659575
32 2 0.9949525545040766 0.9346504559270516
32 3 0.9947700719038646 0.9361702127659575
33 0 1.0163705974817276 0.932370820668693
33 1 0.9886561592419942 0.9338905775075987
33 2 0.9920371264219284 0.9361702127659575
33 3 0.9854413737853368 0.9414893617021277
34 0 1.018652766942978 0.9376899696048632
34 1 1.012795736392339 0.9057750759878419
34 2 0.9950279374917349 0.9384498480243161
34 3 0.9889685213565828 0.9414893617021277
35 0 1.0213502238194148 0.9354103343465046
35 1 0.9961039841175079 0.9407294832826748
35 2 0.9939445366462071 0.9270516717325228
35 3 0.9914121637741724 0.9369300911854104
36 0 1.0200289309024813 0.9338905775075987
36 1 1.0039857268333434 0.9080547112462006
36 2 0.9915157824754716 0.9354103343465046
36 3 1.0059126238028209 0.9270516717325228
37 0 1.0172210286060968 0.9376899696048632
37 1 0.9968787471453349 0.9202127659574468
37 2 0.995467319091161 0.9376899696048632
37 3 0.9945914526780446 0.9354103343465046
38 0 1.030398987730344 0.9308510638297872
38 1 0.9900604337453842 0.9209726443768997
38 2 0.9828370740016301 0.9384498480243161
38 3 0.9828165153662364 0.9399696048632219
39 0 1.0119455327590305 0.9422492401215805
39 1 0.9884425034125646 0.9414893617021277
39 2 1.0078089833259583 0.925531914893617
39 3 0.9840125103791555 0.9414893617021277
40 0 1.0222240110238392 0.9369300911854104
40 1 0.996849599480629 0.9346504559270516
40 2 0.9922729770342509 0.9361702127659575
40 3 0.9851002365350723 0.9300911854103343
41 0 1.0126737236976624 0.9384498480243161
41 1 0.9949809163808823 0.9270516717325228
41 2 0.9889673292636871 0.9376899696048632
41 3 0.9821628540754319 0.932370820668693
42 0 1.0067292282978695 0.9376899696048632
42 1 0.9908853193124135 0.9369300911854104
42 2 0.996317383646965 0.9422492401215805
42 3 0.9783418188492456 0.9384498480243161
43 0 1.017515810330709 0.932370820668693
43 1 0.9941164592901865 0.9194528875379939
43 2 0.9845382601022721 0.9376899696048632
43 3 0.9854796687761943 0.9430091185410334
44 0 1.0126480082670848 0.9430091185410334
44 1 1.002493933836619 0.9361702127659575
44 2 0.9894738147656122 0.9399696048632219
44 3 0.9891727526982624 0.9452887537993921
45 0 1.002173004547755 0.9376899696048632
45 1 0.9850767721732457 0.9430091185410334
45 2 0.9836852222681045 0.939209726443769
45 3 0.9827142318089802 0.9407294832826748
46 0 1.0045907547076545 0.9422492401215805
46 1 1.0008072525262832 0.9232522796352584
46 2 0.9828323076168696 0.939209726443769
46 3 0.9849201808373134 0.9414893617021277
47 0 1.0122043331464132 0.9369300911854104
47 1 0.995392922560374 0.9361702127659575
47 2 0.9781648814678192 0.939209726443769
47 3 0.9837958703438441 0.9414893617021277
48 0 1.0050646831591923 0.9399696048632219
48 1 0.9924834092458088 0.9407294832826748
48 2 0.9846525798241297 0.9369300911854104
48 3 0.9892877956231435 0.932370820668693
49 0 1.0112438797950745 0.9445288753799392
49 1 0.9805490771929424 0.9468085106382979
49 2 0.9874821782112122 0.932370820668693
49 3 0.9766706357399623 0.9437689969604863
