0 0 2.477205630391836 0.4048333333333333
0 1 2.036801708241304 0.43416666666666665
0 2 1.8613365155955157 0.4005
0 3 1.8640303996702037 0.521
0 4 1.7626389910777411 0.4405
0 5 1.621900980671247 0.43683333333333335
0 6 1.5198471751064062 0.6035
0 7 1.3809428606182337 0.5788333333333333
0 8 1.0568514087159806 0.7318333333333333
0 9 0.8729765559934701 0.7063333333333334
1 0 1.2457957084601126 0.6738333333333333
1 1 0.9937600820558146 0.7256666666666667
1 2 0.6180898956954479 0.787
1 3 0.7216861477985124 0.8173333333333334
1 4 0.7390984836432231 0.911
1 5 0.3665295193883746 0.8368333333333333
1 6 0.4004786580978058 0.9605
1 7 0.3366776347659955 0.875
1 8 0.27535954880537855 0.9145
1 9 0.22189012105324463 0.9265
2 0 0.7959476862379234 0.7848333333333334
2 1 0.5718562734643152 0.9138333333333334
2 2 0.4582482070739691 0.9151666666666667
2 3 0.29396551659010584 0.8438333333333333
2 4 0.2983668947102463 0.9526666666666667
2 5 0.1838934796032845 0.9095
2 6 0.17598729658372275 0.934
2 7 0.19435878267722728 0.9473333333333334
2 8 0.15305246706482953 0.9631666666666666
2 9 0.1631108906852508 0.9611666666666666
3 0 0.22608025014051236 0.9536666666666667
3 1 0.11908812550245784 0.973
3 2 0.17189093058974927 0.9641666666666666
3 3 0.1611647702490397 0.9501666666666667
3 4 0.1390293175985183 0.9771666666666666
3 5 0.0997474168895375 0.9706666666666667
3 6 0.09677681988917661 0.9748333333333333
3 7 0.18288689890626603 0.9758333333333333
3 8 0.09016462270301417 0.9793333333333333
3 9 0.19876602192562134 0.972
4 0 0.11598618359857937 0.9731666666666666
4 1 0.12646832410579614 0.9708333333333333
4 2 0.13163068990494747 0.91
4 3 0.11311947284896937 0.9758333333333333
4 4 0.1056343101990933 0.9783333333333334
4 5 0.11069086941824934 0.9803333333333333
4 6 0.09948523043143118 0.9796666666666667
4 7 0.0845831529654788 0.9785
4 8 0.0885887799734822 0.9806666666666667
4 9 0.11564581384542785 0.9728333333333333
5 0 0.14220077580042317 0.965
5 1 0.09435807832293601 0.977
5 2 0.0901144463326394 0.966
5 3 0.0954407732845842 0.972
5 4 0.09719632729684236 0.9821666666666666
5 5 0.0750781815161948 0.9756666666666667
5 6 0.0697739167767395 0.9795
5 7 0.11772642244128899 0.9526666666666667
5 8 0.08732388071075547 0.966
5 9 0.09846392091200566 0.9828333333333333
6 0 0.1389654561990028 0.9811666666666666
6 1 0.07456302726010713 0.9793333333333333
6 2 0.08663607914422755 0.9816666666666667
6 3 0.07716515711066071 0.9788333333333333
6 4 0.06852916999923764 0.9816666666666667
6 5 0.11522815755931029 0.9848333333333333
6 6 0.06394172447471647 0.9791666666666666
6 7 0.1001060110029357 0.9753333333333334
6 8 0.07482528978774403 0.9826666666666667
6 9 0.0760500614560442 0.985
7 0 0.07763133497185966 0.965
7 1 0.11883684419353813 0.9825
7 2 0.1083830214702175 0.9826666666666667
7 3 0.051939025783212855 0.9838333333333333
7 4 0.07037835477664581 0.9855
7 5 0.09353585436959595 0.9723333333333334
7 6 0.06824717002306595 0.9825
7 7 0.05428870268103007 0.9866666666666667
7 8 0.07887831375289048 0.9831666666666666
7 9 0.18172030329151312 0.9835
8 0 0.06907024446445575 0.985
8 1 0.04993281345620441 0.9831666666666666
8 2 0.07581334949281882 0.9851666666666666
8 3 0.07478980141362021 0.9803333333333333
8 4 0.08753954285202781 0.9835
8 5 0.0891899958041904 0.9798333333333333
8 6 0.053779199784912635 0.9831666666666666
8 7 0.0792626366710465 0.9603333333333334
8 8 0.05274970085883978 0.986
8 9 0.05050134882185375 0.9865
9 0 0.03739206457006124 0.9863333333333333
9 1 0.09856075238227882 0.9845
9 2 0.049098796599234135 0.9816666666666667
9 3 0.06907083831902128 0.985
9 4 0.06513006823721904 0.986
9 5 0.07452077756594615 0.9823333333333333
9 6 0.05897993236734086 0.9848333333333333
9 7 0.04845926035704906 0.982
9 8 0.12187615887160064 0.9871666666666666
9 9 0.05237120167233418 0.9865
10 0 0.051557639909636535 0.9828333333333333
10 1 0.07512004828822683 0.9815
10 2 0.050896448678637775 0.9848333333333333
10 3 0.08216587196754213 0.9738333333333333
10 4 0.06365276395445107 0.986
10 5 0.05831450276552157 0.9856666666666667
10 6 0.059489154395426645 0.989
10 7 0.07249190655359901 0.99
10 8 0.06948402110356255 0.987
10 9 0.07308195859271413 0.9866666666666667
11 0 0.05209878998418087 0.9841666666666666
11 1 0.04796497665908343 0.9868333333333333
11 2 0.051520110099469704 0.9863333333333333
11 3 0.06410400103110683 0.9841666666666666
11 4 0.04844517811883028 0.9853333333333333
11 5 0.05163921897474211 0.9898333333333333
11 6 0.06642833304552673 0.9865
11 7 0.04516862669515831 0.9873333333333333
11 8 0.04941263713772059 0.9806666666666667
11 9 0.06917888593852695 0.9866666666666667
12 0 0.04793099634359047 0.9878333333333333
12 1 0.05054552324493973 0.9876666666666667
12 2 0.05326225857000585 0.9688333333333333
12 3 0.046539085784994924 0.989
12 4 0.04382937226061283 0.9826666666666667
12 5 0.04808601727908505 0.9865
12 6 0.049238647069311504 0.9856666666666667
12 7 0.04933977633906276 0.9865
12 8 0.0549843792274866 0.989
12 9 0.04210653486370575 0.985
13 0 0.04253775503275392 0.9858333333333333
13 1 0.030268977873674885 0.9871666666666666
13 2 0.03059976381458303 0.9875
13 3 0.048997267778759124 0.987
13 4 0.04778676946565004 0.9815
13 5 0.0702066400175075 0.9841666666666666
13 6 0.038227078765468527 0.9876666666666667
13 7 0.04839512622371937 0.9865
13 8 0.06379403352426985 0.9843333333333333
13 9 0.042328465466198395 0.9893333333333333
14 0 0.038445388204612144 0.9861666666666666
14 1 0.03428521176435122 0.9858333333333333
14 2 0.04296295382725172 0.9836666666666667
14 3 0.05428213181827839 0.9888333333333333
14 4 0.03887262925491086 0.9888333333333333
14 5 0.04305514003135613 0.9876666666666667
14 6 0.02990430268118871 0.9856666666666667
14 7 0.04138524247961565 0.9901666666666666
14 8 0.03583662395673552 0.9875
14 9 0.04645400411512431 0.983
15 0 0.04864782065487816 0.9846666666666667
15 1 0.04483620704316611 0.986
15 2 0.05107385797286194 0.9878333333333333
15 3 0.0353676316393224 0.9878333333333333
15 4 0.055902912146848394 0.9896666666666667
15 5 0.04849376138736261 0.9866666666666667
15 6 0.06256245458689591 0.9898333333333333
15 7 0.03498863112614951 0.9891666666666666
15 8 0.0584958203410982 0.9895
15 9 0.04310111369765461 0.9898333333333333
16 0 0.05266491878440623 0.9881666666666666
16 1 0.04096163510985207 0.9875
16 2 0.048012631456003874 0.9851666666666666
16 3 0.029988030205762094 0.9871666666666666
16 4 0.039213329958632435 0.989
16 5 0.04449511725548897 0.9871666666666666
16 6 0.035441255012604714 0.9868333333333333
16 7 0.05101320441766195 0.9896666666666667
16 8 0.049659530511841396 0.9885
16 9 0.056079416417560424 0.9871666666666666
17 0 0.05861297623353797 0.9886666666666667
17 1 0.04341924218715576 0.9898333333333333
17 2 0.06143206985962024 0.9903333333333333
17 3 0.04032502212915763 0.991
17 4 0.048961245386029376 0.9885
17 5 0.037782550211583533 0.9886666666666667
17 6 0.044999069575169415 0.9888333333333333
17 7 0.052729260244935475 0.9853333333333333
17 8 0.04617379381185553 0.9853333333333333
17 9 0.040950864837213885 0.9878333333333333
18 0 0.04157828502138727 0.9878333333333333
18 1 0.06322404136759965 0.9888333333333333
18 2 0.05201547227382737 0.9911666666666666
18 3 0.03977472570719935 0.9895
18 4 0.02883074821268868 0.9883333333333333
18 5 0.041522660719313834 0.9903333333333333
18 6 0.04059750168441194 0.9885
18 7 0.04798876503264182 0.9883333333333333
18 8 0.06592404544911308 0.9878333333333333
18 9 0.044033487478979325 0.9846666666666667
19 0 0.03709032445234091 0.9898333333333333
19 1 0.055022629841308415 0.9888333333333333
19 2 0.02635334395987835 0.9896666666666667
19 3 0.042599375252999984 0.9905
19 4 0.038970375257122214 0.9908333333333333
19 5 0.031781098379724426 0.9883333333333333
19 6 0.05671879275117438 0.9896666666666667
19 7 0.04638538844968328 0.9881666666666666
19 8 0.04571174211912421 0.9891666666666666
19 9 0.039676764608884696 0.991
20 0 0.05594292150635738 0.9905
20 1 0.03477737764842459 0.9885
20 2 0.04038921772098547 0.9898333333333333
20 3 0.042506357345094635 0.9901666666666666
20 4 0.04965971265786114 0.9883333333333333
20 5 0.05267093367122773 0.987
20 6 0.051375613505418485 0.9885
20 7 0.03783169608504977 0.9893333333333333
20 8 0.03658639451411242 0.9885
20 9 0.05245578409812879 0.989
21 0 0.040205330033738086 0.989
21 1 0.036104808573630486 0.99
21 2 0.03443987467107945 0.987
21 3 0.03691235982660146 0.9886666666666667
21 4 0.037994005018238866 0.9896666666666667
21 5 0.044330702026248524 0.99
21 6 0.05327959593311486 0.989
21 7 0.056661138416529866 0.99
21 8 0.04330538844381711 0.9886666666666667
21 9 0.03869571705824152 0.988
22 0 0.03947197854237553 0.987
22 1 0.05229776164863627 0.9901666666666666
22 2 0.04403118006909305 0.9896666666666667
22 3 0.04034133498498704 0.9896666666666667
22 4 0.046899483991561894 0.989
22 5 0.038834574743304984 0.9893333333333333
22 6 0.03554817526552748 0.9878333333333333
22 7 0.030874347955735477 0.9885
22 8 0.04045388091526547 0.9895
22 9 0.07156216644223908 0.9895
23 0 0.04344398651483061 0.9875
23 1 0.05645684567449886 0.9888333333333333
23 2 0.04700491264520679 0.989
23 3 0.05614146556399646 0.9905
23 4 0.04214859568317782 0.9853333333333333
23 5 0.05839243074539506 0.9883333333333333
23 6 0.03055819182554842 0.986
23 7 0.034982177288232684 0.9883333333333333
23 8 0.04937156965631099 0.9888333333333333
23 9 0.05105913996734065 0.9898333333333333
24 0 0.05241789147233551 0.9898333333333333
24 1 0.048565074286367846 0.9893333333333333
24 2 0.04516110225570931 0.99
24 3 0.044232865538409286 0.9885
24 4 0.05525130380192422 0.9903333333333333
24 5 0.06053002786635868 0.9901666666666666
24 6 0.027147327530353017 0.9898333333333333
24 7 0.030458319373186292 0.9873333333333333
24 8 0.03591049872799583 0.9896666666666667
24 9 0.0318475723809873 0.9885
25 0 0.06613861293832694 0.9883333333333333
25 1 0.04597667763907035 0.9896666666666667
25 2 0.04549050264661976 0.99
25 3 0.048121741741245685 0.9901666666666666
25 4 0.04569450666591972 0.9906666666666667
25 5 0.03502974581958067 0.987
25 6 0.05764685061573497 0.9901666666666666
25 7 0.04743688920765028 0.9895
25 8 0.03516035321808886 0.9898333333333333
25 9 0.0511227454408072 0.9868333333333333
26 0 0.05264257448137263 0.9898333333333333
26 1 0.029435891916364195 0.9893333333333333
26 2 0.042372901821181586 0.9891666666666666
26 3 0.04016606442867972 0.9876666666666667
26 4 0.029746247299044626 0.9893333333333333
26 5 0.04209429611546511 0.9898333333333333
26 6 0.03597881397945457 0.9891666666666666
26 7 0.046066463591463006 0.9901666666666666
26 8 0.033528153130949555 0.9895
26 9 0.040752043630466986 0.99
27 0 0.04220191620333935 0.9873333333333333
27 1 0.06355924641199331 0.9901666666666666
27 2 0.038229362410978254 0.9896666666666667
27 3 0.04988921939639113 0.9893333333333333
27 4 0.03959071987386172 0.989
27 5 0.05389173569589427 0.9905
27 6 0.041910164082461655 0.9895
27 7 0.06294101102230343 0.9891666666666666
27 8 0.02983840934757609 0.9883333333333333
27 9 0.05230418599967379 0.9888333333333333
28 0 0.04046545638872582 0.9895
28 1 0.046087932933005504 0.9865
28 2 0.053564738688389 0.989
28 3 0.04738815474047442 0.9891666666666666
28 4 0.03981594958471154 0.9903333333333333
28 5 0.03438027171917686 0.9895
28 6 0.05434459792437944 0.9883333333333333
28 7 0.028854566155738816 0.9895
28 8 0.027136782779659065 0.9888333333333333
28 9 0.038218650846829405 0.9896666666666667
29 0 0.036671960282546934 0.9876666666666667
29 1 0.04979540238734141 0.989
29 2 0.054358672031715585 0.9895
29 3 0.043856985174140085 0.9888333333333333
29 4 0.036092973756543266 0.988
29 5 0.04063143582243356 0.9895
29 6 0.04589517853310099 0.9898333333333333
29 7 0.031081140469420156 0.9898333333333333
29 8 0.05515722777393724 0.9885
29 9 0.044264148137396354 0.9875
30 0 0.04939661296763613 0.988
30 1 0.04021419337247304 0.9893333333333333
30 2 0.04606485762875916 0.9885
30 3 0.040422413065243745 0.9891666666666666
30 4 0.039524895631378364 0.988
30 5 0.046828660574343914 0.989
30 6 0.030705833065439947 0.9885
30 7 0.04338392923212571 0.9888333333333333
30 8 0.046742948909619976 0.9878333333333333
30 9 0.061970757912301146 0.9891666666666666
31 0 0.045609350568156515 0.9878333333333333
31 1 0.05617408968585854 0.988
31 2 0.0583409042119456 0.9896666666666667
31 3 0.044655511407957725 0.9871666666666666
31 4 0.03444478325521534 0.9893333333333333
31 5 0.03376570487610782 0.9881666666666666
31 6 0.04759123268801583 0.9903333333333333
31 7 0.05231478315575563 0.9901666666666666
31 8 0.051347250251031554 0.9886666666666667
31 9 0.03807690929170349 0.9885
32 0 0.03274289656595404 0.9876666666666667
32 1 0.03814825358980064 0.9876666666666667
32 2 0.02743893465716004 0.989
32 3 0.0270026995955656 0.9891666666666666
32 4 0.03423908174348374 0.9886666666666667
32 5 0.04243850768398261 0.9885
32 6 0.03609088709102556 0.9893333333333333
32 7 0.04031418770864548 0.9903333333333333
32 8 0.036398569308706406 0.988
32 9 0.03665334005927434 0.9886666666666667
33 0 0.05177172042931488 0.989
33 1 0.038169002694303344 0.9888333333333333
33 2 0.058043281062661364 0.9868333333333333
33 3 0.04186390337175302 0.9891666666666666
33 4 0.054120584941604946 0.9888333333333333
33 5 0.03166545249890381 0.9883333333333333
33 6 0.04374224472000303 0.989
33 7 0.03711250577422713 0.9885
33 8 0.048368168749220786 0.9883333333333333
33 9 0.02516984976925111 0.9886666666666667
34 0 0.050569902656813305 0.9881666666666666
34 1 0.04515375853952719 0.9885
34 2 0.04316542637449554 0.9885
34 3 0.03530172559840139 0.9881666666666666
34 4 0.03432496743334923 0.9888333333333333
34 5 0.03953712648459866 0.9896666666666667
34 6 0.04261233671907879 0.9895
34 7 0.029934997501792775 0.9891666666666666
34 8 0.03318551079792087 0.9888333333333333
34 9 0.047202597862148345 0.9885
35 0 0.03636829898217305 0.9866666666666667
35 1 0.03746148096130734 0.9873333333333333
35 2 0.026707018213831667 0.9873333333333333
35 3 0.04303515817324903 0.9876666666666667
35 4 0.05728538899226501 0.9881666666666666
35 5 0.04064139208882504 0.9876666666666667
35 6 0.037552325549768284 0.9878333333333333
35 7 0.05734694017640625 0.9888333333333333
35 8 0.03266169139169506 0.988
35 9 0.051809766393489554 0.9878333333333333
36 0 0.04732344702400344 0.989
36 1 0.031207256116128214 0.9866666666666667
36 2 0.03954641831781676 0.9875
36 3 0.06851473851080907 0.987
36 4 0.04663600066942308 0.9881666666666666
36 5 0.04239417881278011 0.9885
36 6 0.033889541197519676 0.9865
36 7 0.058699426134505 0.9885
36 8 0.050707672142380034 0.987
36 9 0.04645612036983948 0.9876666666666667
37 0 0.06761145465316076 0.9881666666666666
37 1 0.052457977018396676 0.9886666666666667
37 2 0.060534678779125294 0.9876666666666667
37 3 0.031167849376894687 0.9881666666666666
37 4 0.03119807122493512 0.9871666666666666
37 5 0.04745352035267085 0.9878333333333333
37 6 0.049176528608465254 0.9875
37 7 0.04240028227892859 0.9868333333333333
37 8 0.03765416579335579 0.9878333333333333
37 9 0.040315802691717785 0.988
38 0 0.047199806243346146 0.9863333333333333
38 1 0.05753377895719798 0.986
38 2 0.03719083611940732 0.9865
38 3 0.042867813722599145 0.9876666666666667
38 4 0.04338028796579844 0.9866666666666667
38 5 0.04129405630131562 0.9871666666666666
38 6 0.04441993727292963 0.9885
38 7 0.03792324070915735 0.9866666666666667
38 8 0.03043888814378685 0.986
38 9 0.053019065616050895 0.9873333333333333
39 0 0.05382748848205665 0.9851666666666666
39 1 0.031125461292200878 0.9846666666666667
39 2 0.04430660798486012 0.9861666666666666
39 3 0.049669184785064616 0.9881666666666666
39 4 0.05430132211646803 0.9876666666666667
39 5 0.03581848206886207 0.9873333333333333
39 6 0.05199291078133683 0.9878333333333333
39 7 0.0407938733624178 0.9885
39 8 0.03962884836073499 0.9881666666666666
39 9 0.032113278798836596 0.9871666666666666
40 0 0.04310785046557915 0.986
40 1 0.03976798993971897 0.9865
40 2 0.05194366214042626 0.987
40 3 0.048978663415861476 0.9866666666666667
40 4 0.03695704857818782 0.9876666666666667
40 5 0.03696330039141079 0.9875
40 6 0.05063018479025534 0.9863333333333333
40 7 0.052466188334316634 0.9888333333333333
40 8 0.04727623907456291 0.988
40 9 0.06262475131370593 0.9876666666666667
41 0 0.04396359225453732 0.9851666666666666
41 1 0.040617889776816206 0.985
41 2 0.036086722711236995 0.9861666666666666
41 3 0.044480034984493017 0.9875
41 4 0.03635442413845643 0.9868333333333333
41 5 0.050585056952210536 0.9873333333333333
41 6 0.03711536642488984 0.9875
41 7 0.03518757355535248 0.9863333333333333
41 8 0.039251909993860565 0.9868333333333333
41 9 0.035889947400088815 0.9876666666666667
42 0 0.03677833534432769 0.9858333333333333
42 1 0.08483985299001992 0.9871666666666666
42 2 0.04066815205684786 0.9875
42 3 0.05845221493412586 0.988
42 4 0.04594903398538009 0.9871666666666666
42 5 0.04812129326455761 0.9885
42 6 0.049891921963232264 0.9875
42 7 0.06756663433528351 0.9885
42 8 0.037215452600018274 0.9875
42 9 0.04431743129680399 0.9873333333333333
43 0 0.04714614547265228 0.9861666666666666
43 1 0.036246300487012675 0.9861666666666666
43 2 0.0380110002776443 0.9878333333333333
43 3 0.05185733863618225 0.9865
43 4 0.03944049712299602 0.987
43 5 0.03778896163566969 0.9861666666666666
43 6 0.04402272519109829 0.9866666666666667
43 7 0.04027528507625296 0.987
43 8 0.046024578451275985 0.9871666666666666
43 9 0.042664164114588246 0.9875
44 0 0.05752778236395291 0.9863333333333333
44 1 0.042544500882892564 0.9861666666666666
44 2 0.044023256516084075 0.986
44 3 0.07349339856712807 0.9871666666666666
44 4 0.046117421617964276 0.986
44 5 0.05703191119027906 0.9866666666666667
44 6 0.062262937954074005 0.9873333333333333
44 7 0.0420308471317791 0.9868333333333333
44 8 0.05565008640284456 0.9866666666666667
44 9 0.043023682834852174 0.9861666666666666
45 0 0.03545859466976253 0.9861666666666666
45 1 0.04725641741606523 0.9873333333333333
45 2 0.03809771457235911 0.9861666666666666
45 3 0.04519444275986947 0.9855
45 4 0.04811084938895267 0.9866666666666667
45 5 0.05188911993900547 0.9871666666666666
45 6 0.05874475942740295 0.9868333333333333
45 7 0.03557089837947085 0.9866666666666667
45 8 0.03448445145841106 0.985
45 9 0.05598777822160627 0.9865
46 0 0.03749139055677612 0.9851666666666666
46 1 0.04328195409713468 0.9858333333333333
46 2 0.06137697520413591 0.9863333333333333
46 3 0.03471834045194555 0.9845
46 4 0.027285503555807132 0.986
46 5 0.050791012645883406 0.9863333333333333
46 6 0.038888615666413294 0.9863333333333333
46 7 0.04833060697759114 0.9865
46 8 0.05944790247061368 0.986
46 9 0.043314714742640106 0.986
47 0 0.06325601331870227 0.9861666666666666
47 1 0.064980318241093 0.9873333333333333
47 2 0.044917179615974114 0.985
47 3 0.048832993806475614 0.986
47 4 0.05380281789257424 0.9865
47 5 0.059384912337312315 0.9861666666666666
47 6 0.040654241898058295 0.9856666666666667
47 7 0.03221551655830505 0.9856666666666667
47 8 0.030885776771053013 0.9856666666666667
47 9 0.058829616973525845 0.9865
48 0 0.0454591268595929 0.9858333333333333
48 1 0.05409478933142964 0.9865
48 2 0.043870659429861306 0.9851666666666666
48 3 0.04017805463566522 0.9856666666666667
48 4 0.05457350527285598 0.9853333333333333
48 5 0.03289647422631485 0.985
48 6 0.045128252020125124 0.9858333333333333
48 7 0.03969035091237553 0.9856666666666667
48 8 0.03731644154868263 0.9856666666666667
48 9 0.04551307672227267 0.9868333333333333
49 0 0.0408758874546038 0.9841666666666666
49 1 0.05283739641405798 0.986
49 2 0.04892044116725932 0.9858333333333333
49 3 0.0630913672848692 0.9861666666666666
49 4 0.03781514270182622 0.9861666666666666
49 5 0.04710383492783876 0.9851666666666666
49 6 0.046764490005443804 0.9863333333333333
49 7 0.05927247896882666 0.987
49 8 0.060225989593770166 0.9861666666666666
49 9 0.03999527599565529 0.9856666666666667
50 0 0.04044747949713686 0.985
50 1 0.04000170879650493 0.9846666666666667
50 2 0.06289446648831168 0.9856666666666667
50 3 0.040091965861696124 0.9856666666666667
50 4 0.04804410884389654 0.9855
50 5 0.040695884677309856 0.9851666666666666
50 6 0.03660815964637247 0.9853333333333333
50 7 0.051806090654281434 0.9858333333333333
50 8 0.044131926794458806 0.9853333333333333
50 9 0.030568033586556947 0.9856666666666667
51 0 0.062041116400602433 0.9845
51 1 0.06454680238190728 0.987
51 2 0.05376517304830486 0.9866666666666667
51 3 0.0396755878427939 0.9856666666666667
51 4 0.036523575596220326 0.9858333333333333
51 5 0.048935959493974224 0.986
51 6 0.05078408937454999 0.9851666666666666
51 7 0.0569840153621044 0.9858333333333333
51 8 0.04499717853317027 0.9851666666666666
51 9 0.04572812679786391 0.9858333333333333
52 0 0.04382027871664225 0.984
52 1 0.05090507889023381 0.9853333333333333
52 2 0.05503911048435839 0.9853333333333333
52 3 0.03237898184064155 0.9835
52 4 0.04964663870729662 0.9851666666666666
52 5 0.04992807070205649 0.9855
52 6 0.04769944784614684 0.9855
52 7 0.03879843483931229 0.9846666666666667
52 8 0.0489048827815471 0.985
52 9 0.03699564728837383 0.9846666666666667
53 0 0.067895117480172 0.984
53 1 0.03869001478597056 0.9836666666666667
53 2 0.04431890893041175 0.984
53 3 0.036495496579542916 0.984
53 4 0.043946243339936096 0.9841666666666666
53 5 0.036646809135466654 0.9838333333333333
53 6 0.0464619364599154 0.9843333333333333
53 7 0.03777558801266423 0.9841666666666666
53 8 0.04126495986323184 0.984
53 9 0.03635234108514851 0.9843333333333333
54 0 0.06487345474063963 0.9845
54 1 0.043650021143548656 0.9841666666666666
54 2 0.07511215587631644 0.9851666666666666
54 3 0.057266545283103674 0.9846666666666667
54 4 0.06019185531962043 0.9848333333333333
54 5 0.05201974395216288 0.985
54 6 0.04828790438477881 0.9848333333333333
54 7 0.057263111926052566 0.9853333333333333
54 8 0.049607759105128935 0.9853333333333333
54 9 0.03985024833794644 0.9846666666666667
55 0 0.05144904492772184 0.9828333333333333
55 1 0.04409043911982735 0.9826666666666667
55 2 0.04190916720835958 0.9831666666666666
55 3 0.04719601265727154 0.9838333333333333
55 4 0.04289356111136537 0.9838333333333333
55 5 0.045196866391052026 0.9836666666666667
55 6 0.036692551297164755 0.9846666666666667
55 7 0.06170306954057499 0.9841666666666666
55 8 0.06095129896129947 0.985
55 9 0.04299345368053764 0.9835
56 0 0.0435744498463464 0.9835
56 1 0.04692118388387219 0.984
56 2 0.031917700801083505 0.9836666666666667
56 3 0.04918681635414639 0.9835
56 4 0.046884662738496743 0.9838333333333333
56 5 0.05515909745008685 0.9841666666666666
56 6 0.04695097483636346 0.9845
56 7 0.062452819484557644 0.9848333333333333
56 8 0.056271034723370875 0.9846666666666667
56 9 0.03030634323658887 0.984
57 0 0.04343710383060777 0.9836666666666667
57 1 0.05293174295366043 0.9845
57 2 0.07591050772559052 0.9851666666666666
57 3 0.04846975870896131 0.9841666666666666
57 4 0.05715250347081261 0.9831666666666666
57 5 0.037238446369883604 0.9838333333333333
57 6 0.061890187464693255 0.9833333333333333
57 7 0.04940633695514407 0.9836666666666667
57 8 0.029661787461615557 0.9835
57 9 0.06672734272675976 0.985
58 0 0.04844815950976529 0.9838333333333333
58 1 0.045785079316071155 0.9831666666666666
58 2 0.05204666223926324 0.9838333333333333
58 3 0.04151121059173117 0.9835
58 4 0.05055877871442742 0.984
58 5 0.04166150501623633 0.9836666666666667
58 6 0.046328067034968015 0.984
58 7 0.061527421821665484 0.9843333333333333
58 8 0.043721132735906096 0.9845
58 9 0.04115549557536724 0.9845
59 0 0.06000900165721153 0.9831666666666666
59 1 0.05147834321784709 0.9828333333333333
59 2 0.07484457388636656 0.9838333333333333
59 3 0.07492334277534003 0.9838333333333333
59 4 0.0456024134158118 0.9835
59 5 0.035633037151759105 0.9833333333333333
59 6 0.04251747799329072 0.983
59 7 0.04595770097512286 0.9841666666666666
59 8 0.04747873311619818 0.9836666666666667
59 9 0.040558929812201924 0.984
60 0 0.05895918824777861 0.9826666666666667
60 1 0.055740474917305015 0.982
60 2 0.04525294580404686 0.9833333333333333
60 3 0.05213955777192799 0.9826666666666667
60 4 0.035832945099779565 0.983
60 5 0.042996366547110185 0.9833333333333333
60 6 0.034643130410889476 0.9826666666666667
60 7 0.044702878466826704 0.9831666666666666
60 8 0.040912857434401914 0.9835
60 9 0.049689239245102115 0.9838333333333333
61 0 0.04543359264183285 0.9821666666666666
61 1 0.03390097581116909 0.9818333333333333
61 2 0.05710504157711208 0.983
61 3 0.04761363423798078 0.9826666666666667
61 4 0.04916116777530988 0.9828333333333333
61 5 0.039700670989986975 0.9831666666666666
61 6 0.04702527172776172 0.9828333333333333
61 7 0.04400979635344508 0.9825
61 8 0.04086305781432505 0.9835
61 9 0.04958616692844468 0.9833333333333333
62 0 0.06355911787492612 0.9823333333333333
62 1 0.04618984577731074 0.9823333333333333
62 2 0.06073923791215445 0.9826666666666667
62 3 0.04635565005689083 0.9828333333333333
62 4 0.046917328854760854 0.9828333333333333
62 5 0.043196833411154024 0.9836666666666667
62 6 0.053571163695475356 0.9831666666666666
62 7 0.06063527270210519 0.9841666666666666
62 8 0.05389150639772803 0.9838333333333333
62 9 0.06340508007027286 0.9835
63 0 0.04829691270060721 0.9823333333333333
63 1 0.05084287856152514 0.9821666666666666
63 2 0.05093480234305996 0.9833333333333333
63 3 0.0321524066166603 0.9825
63 4 0.03827839555742685 0.9828333333333333
63 5 0.05046337208841578 0.9826666666666667
63 6 0.03894298615099009 0.9826666666666667
63 7 0.044260089782862146 0.9826666666666667
63 8 0.030183085259826232 0.9823333333333333
63 9 0.03699262884523099 0.983
64 0 0.06346192602359224 0.9828333333333333
64 1 0.05427664935511226 0.9821666666666666
64 2 0.04782830833088762 0.9825
64 3 0.04439607940609373 0.9818333333333333
64 4 0.06040571627090685 0.9823333333333333
64 5 0.048754841208089296 0.9831666666666666
64 6 0.049351930053186756 0.9833333333333333
64 7 0.04664599761478409 0.9823333333333333
64 8 0.04990423853935984 0.9836666666666667
64 9 0.055688482043478864 0.9833333333333333
65 0 0.04953604255206301 0.9828333333333333
65 1 0.05309988220445423 0.9821666666666666
65 2 0.05223306326661259 0.982
65 3 0.03718227422359632 0.982
65 4 0.04683119321756142 0.9825
65 5 0.047182258116663434 0.9823333333333333
65 6 0.05096565414229796 0.9821666666666666
65 7 0.03771772319547988 0.9821666666666666
65 8 0.05789425395717748 0.9828333333333333
65 9 0.05974283378600376 0.983
66 0 0.05400310557403523 0.9821666666666666
66 1 0.04124058091110783 0.9818333333333333
66 2 0.04872688709777624 0.9825
66 3 0.05611272791672188 0.9823333333333333
66 4 0.04996797753847204 0.9823333333333333
66 5 0.06305693755469595 0.983
66 6 0.06773890660648854 0.983
66 7 0.04710285107770081 0.9833333333333333
66 8 0.03851234164903872 0.9828333333333333
66 9 0.06831948758432796 0.9831666666666666
67 0 0.03664794023886012 0.982
67 1 0.04833624233287992 0.9825
67 2 0.049305378313874826 0.9816666666666667
67 3 0.04242333404787739 0.9821666666666666
67 4 0.038639424958091695 0.9821666666666666
67 5 0.02964977183971011 0.9823333333333333
67 6 0.04629083021427505 0.9825
67 7 0.04915821063089729 0.9825
67 8 0.04178962154158702 0.9823333333333333
67 9 0.04317079842924916 0.9826666666666667
68 0 0.04604190507840637 0.983
68 1 0.04250254456807549 0.9826666666666667
68 2 0.0639355719916542 0.9821666666666666
68 3 0.05244308259231427 0.9826666666666667
68 4 0.052493235617779035 0.9825
68 5 0.055236960091860965 0.9828333333333333
68 6 0.045638299275500074 0.9826666666666667
68 7 0.05206334176424813 0.9826666666666667
68 8 0.05462257644588438 0.9826666666666667
68 9 0.05841701460303739 0.9825
69 0 0.059380878392403254 0.9821666666666666
69 1 0.05439758556894958 0.9823333333333333
69 2 0.048354082711739466 0.982
69 3 0.03706957507044232 0.982
69 4 0.05209834709239658 0.9826666666666667
69 5 0.0669777932271245 0.9823333333333333
69 6 0.07066140395302986 0.9825
69 7 0.035978636743190386 0.9818333333333333
69 8 0.04763867307337932 0.982
69 9 0.04172992751652297 0.9823333333333333
70 0 0.058752430248811535 0.9821666666666666
70 1 0.04665938399436223 0.9816666666666667
70 2 0.04798518190121589 0.9818333333333333
70 3 0.047669182196841575 0.9816666666666667
70 4 0.053819878453699246 0.9821666666666666
70 5 0.039164257711187624 0.982
70 6 0.04504197169444524 0.9823333333333333
70 7 0.03120425117231207 0.9823333333333333
70 8 0.04860180840963342 0.9825
70 9 0.0440423506249014 0.9826666666666667
71 0 0.051742162937443936 0.9823333333333333
71 1 0.05645717215763094 0.9821666666666666
71 2 0.041345233941683546 0.9815
71 3 0.04775545762580198 0.9815
71 4 0.04690986332570902 0.9815
71 5 0.059350015219630826 0.9823333333333333
71 6 0.047136621695244685 0.9816666666666667
71 7 0.06599100214710536 0.9818333333333333
71 8 0.05556222464171393 0.982
71 9 0.026774000081786653 0.9818333333333333
72 0 0.040134705373930046 0.9813333333333333
72 1 0.04969065314920347 0.982
72 2 0.05738214271938583 0.982
72 3 0.05697159208890905 0.9821666666666666
72 4 0.043012254653149284 0.9815
72 5 0.051733226486248896 0.9811666666666666
72 6 0.04285272943525342 0.9818333333333333
72 7 0.043101996324063904 0.9816666666666667
72 8 0.04908206560260926 0.9816666666666667
72 9 0.05240302435898533 0.982
73 0 0.050395445079630015 0.9813333333333333
73 1 0.056629008214561814 0.9816666666666667
73 2 0.06403995082170391 0.9816666666666667
73 3 0.04057360211785029 0.9816666666666667
73 4 0.04203395763761364 0.9813333333333333
73 5 0.06695042198892527 0.982
73 6 0.04940103173430543 0.9815
73 7 0.0382717955338497 0.9816666666666667
73 8 0.05622552604230198 0.9815
73 9 0.04790888610781015 0.9816666666666667
74 0 0.047018578613157544 0.9816666666666667
74 1 0.06882533301541116 0.9816666666666667
74 2 0.055012616702394254 0.982
74 3 0.03646527852712704 0.9815
74 4 0.049744622540553486 0.9815
74 5 0.05606953470123699 0.9816666666666667
74 6 0.08255109611006142 0.9818333333333333
74 7 0.058955135216820054 0.982
74 8 0.055988625613584496 0.9816666666666667
74 9 0.046891695989567474 0.982
75 0 0.053380252245309144 0.9813333333333333
75 1 0.05207106788899789 0.9818333333333333
75 2 0.04694446070910393 0.9813333333333333
75 3 0.046496553074878946 0.9818333333333333
75 4 0.043313441711992105 0.9816666666666667
75 5 0.05575255443303225 0.982
75 6 0.045009407903611034 0.9818333333333333
75 7 0.0436349227578224 0.9818333333333333
75 8 0.04992583979765186 0.9816666666666667
75 9 0.05828125436528353 0.9821666666666666
76 0 0.04777219520231786 0.9818333333333333
76 1 0.057486754456476774 0.9816666666666667
76 2 0.05860183393330468 0.9815
76 3 0.046667111770754374 0.9818333333333333
76 4 0.054394453454127266 0.9813333333333333
76 5 0.05109420801697221 0.9815
76 6 0.04646031801773158 0.9815
76 7 0.043884487820226546 0.9813333333333333
76 8 0.058533834853733424 0.9813333333333333
76 9 0.05519062326614706 0.9816666666666667
77 0 0.06477882731269347 0.9813333333333333
77 1 0.05149098435140331 0.9816666666666667
77 2 0.05476281472268359 0.9816666666666667
77 3 0.04114576776434357 0.9816666666666667
77 4 0.052333040529144156 0.9813333333333333
77 5 0.05025417437839982 0.9815
77 6 0.0646392122580437 0.9813333333333333
77 7 0.04395203256232587 0.9813333333333333
77 8 0.04656046046632885 0.9813333333333333
77 9 0.057211670343046236 0.982
78 0 0.03934796339793441 0.9813333333333333
78 1 0.03706898346475403 0.9811666666666666
78 2 0.05360390870070357 0.9813333333333333
78 3 0.05847470849403181 0.9813333333333333
78 4 0.07022280353218471 0.981
78 5 0.05870069419809928 0.9813333333333333
78 6 0.07559591547275583 0.9816666666666667
78 7 0.04939974300092823 0.9816666666666667
78 8 0.070096879973183 0.9818333333333333
78 9 0.048324521553392216 0.9816666666666667
79 0 0.05720409646528424 0.982
79 1 0.04709454682415526 0.9815
79 2 0.0577588299177781 0.9815
79 3 0.06335327375078728 0.9816666666666667
79 4 0.044170694619727634 0.9816666666666667
79 5 0.04289899581150773 0.9818333333333333
79 6 0.038671105010507745 0.9818333333333333
79 7 0.04878457367158262 0.9818333333333333
79 8 0.04944966335218244 0.9815
79 9 0.05024748719976439 0.982
80 0 0.06616713849992568 0.9815
80 1 0.05308581274584867 0.9818333333333333
80 2 0.04846995622453202 0.9815
80 3 0.039473295300316145 0.9818333333333333
80 4 0.03956522240090028 0.9816666666666667
80 5 0.0443549335032003 0.9818333333333333
80 6 0.05868506338932396 0.9816666666666667
80 7 0.05574859973179021 0.9815
80 8 0.05387039076837634 0.982
80 9 0.056601082935230806 0.9813333333333333
81 0 0.04062538574119875 0.9816666666666667
81 1 0.0567872011961299 0.9815
81 2 0.06762009899345382 0.9815
81 3 0.05680201645494283 0.9818333333333333
81 4 0.048222379649814684 0.9815
81 5 0.06199422611825867 0.9816666666666667
81 6 0.04371012943374808 0.9816666666666667
81 7 0.05024511929877917 0.9816666666666667
81 8 0.048104665958211015 0.9815
81 9 0.05650233578247329 0.9816666666666667
82 0 0.04942825178053075 0.9813333333333333
82 1 0.05364880459577156 0.9815
82 2 0.04938602950157171 0.9815
82 3 0.04452993792074267 0.9813333333333333
82 4 0.08110510785384879 0.9816666666666667
82 5 0.0633876343611822 0.9815
82 6 0.057685129582144626 0.9816666666666667
82 7 0.046340171034292624 0.9816666666666667
82 8 0.0473876570322318 0.9815
82 9 0.07024782415343603 0.9816666666666667
83 0 0.06071507519178947 0.9813333333333333
83 1 0.043558377082566345 0.9813333333333333
83 2 0.05005457423370292 0.9813333333333333
83 3 0.047077570003845416 0.9813333333333333
83 4 0.03898370153910946 0.9815
83 5 0.05180948376801098 0.9813333333333333
83 6 0.055590987409232184 0.9815
83 7 0.042777500089869136 0.9815
83 8 0.05436741117834269 0.9811666666666666
83 9 0.06264401965866759 0.9815
84 0 0.03845836093872397 0.9813333333333333
84 1 0.0547472102092191 0.9813333333333333
84 2 0.02972362005190613 0.9811666666666666
84 3 0.05992134564439766 0.9811666666666666
84 4 0.04543958398668716 0.9811666666666666
84 5 0.06704905463508719 0.9813333333333333
84 6 0.03897079565649619 0.9813333333333333
84 7 0.03698257717284529 0.9813333333333333
84 8 0.03964071914864083 0.9813333333333333
84 9 0.0540124921608367 0.9816666666666667
85 0 0.05590046988072572 0.9813333333333333
85 1 0.04681329246038028 0.9813333333333333
85 2 0.05051410866144579 0.9813333333333333
85 3 0.0559101561436061 0.9813333333333333
85 4 0.044400250985442355 0.9813333333333333
85 5 0.052580287017917726 0.9813333333333333
85 6 0.06302435831457842 0.9813333333333333
85 7 0.0524155084785889 0.9813333333333333
85 8 0.0514060813729884 0.9811666666666666
85 9 0.04813521703787652 0.9815
86 0 0.04172919076760688 0.9813333333333333
86 1 0.0464580846746685 0.9815
86 2 0.0423098845470425 0.9813333333333333
86 3 0.06288087608360608 0.9813333333333333
86 4 0.0489026687888933 0.9813333333333333
86 5 0.05020024096787286 0.9813333333333333
86 6 0.05812441540911095 0.9813333333333333
86 7 0.059180304437177256 0.9813333333333333
86 8 0.05663630333341037 0.9813333333333333
86 9 0.055762803567631636 0.9813333333333333
87 0 0.05664363441610476 0.9813333333333333
87 1 0.06544723526894813 0.9813333333333333
87 2 0.07646688045739816 0.9815
87 3 0.035443772012513364 0.9813333333333333
87 4 0.05618074898423704 0.9813333333333333
87 5 0.04475804955533628 0.9813333333333333
87 6 0.05864771353662945 0.9813333333333333
87 7 0.046170672258692015 0.9811666666666666
87 8 0.05440619270423971 0.9815
87 9 0.05465686301855992 0.9811666666666666
88 0 0.05503439239813209 0.9815
88 1 0.05766439766739495 0.9813333333333333
88 2 0.06529892105997229 0.9811666666666666
88 3 0.043206614497952 0.9811666666666666
88 4 0.04450702072062995 0.9813333333333333
88 5 0.057515693642623475 0.9811666666666666
88 6 0.05777785932878032 0.9813333333333333
88 7 0.06194608908845112 0.981
88 8 0.07961515037459321 0.981
88 9 0.048329479697713396 0.9811666666666666
89 0 0.047538726740943574 0.9813333333333333
89 1 0.03592278142847742 0.9815
89 2 0.042239281882454335 0.9813333333333333
89 3 0.05143482611068369 0.9811666666666666
89 4 0.04166582539861944 0.9811666666666666
89 5 0.04136946531070862 0.9811666666666666
89 6 0.05778591470395138 0.981
89 7 0.054713765006454196 0.981
89 8 0.037732369225826304 0.9811666666666666
89 9 0.049851922415352114 0.9811666666666666
90 0 0.04459253590175649 0.9815
90 1 0.047541980706834394 0.9815
90 2 0.05448463831514043 0.9813333333333333
90 3 0.05312720400858477 0.9811666666666666
90 4 0.05000337138214188 0.9813333333333333
90 5 0.05074630641077722 0.9813333333333333
90 6 0.05053306857007556 0.9815
90 7 0.04139885749464156 0.9813333333333333
90 8 0.04482082608349931 0.9813333333333333
90 9 0.05371433428081218 0.9813333333333333
91 0 0.04208050048085473 0.9813333333333333
91 1 0.03489697386248736 0.9813333333333333
91 2 0.0583244777856938 0.9813333333333333
91 3 0.037146487093802236 0.9813333333333333
91 4 0.043768181864531165 0.9813333333333333
91 5 0.050399865268749025 0.9811666666666666
91 6 0.062375130847309876 0.9813333333333333
91 7 0.05687060379326188 0.9811666666666666
91 8 0.05636585514730542 0.981
91 9 0.044416158105984024 0.9811666666666666
92 0 0.03355410054064123 0.9813333333333333
92 1 0.04032983020685303 0.9813333333333333
92 2 0.050383712383336395 0.9813333333333333
92 3 0.058778192995911624 0.9811666666666666
92 4 0.05470580954958375 0.9813333333333333
92 5 0.048685232594531655 0.9811666666666666
92 6 0.06126398700871505 0.9813333333333333
92 7 0.057894625996899166 0.9813333333333333
92 8 0.06669644611126083 0.9813333333333333
92 9 0.05677261022113574 0.981
93 0 0.0306945345364511 0.9811666666666666
93 1 0.046682971755217295 0.981
93 2 0.04191749660579565 0.9811666666666666
93 3 0.05921913151784489 0.981
93 4 0.04544408516327773 0.9811666666666666
93 5 0.05112541489506839 0.981
93 6 0.05381360595735411 0.981
93 7 0.05696835593698779 0.9811666666666666
93 8 0.05036215366999386 0.9811666666666666
93 9 0.06411563361810599 0.981
94 0 0.05950748829794369 0.9811666666666666
94 1 0.051214694549950465 0.9813333333333333
94 2 0.06436807928791193 0.9813333333333333
94 3 0.04100292628087724 0.981
94 4 0.06038719324715203 0.9811666666666666
94 5 0.041112503286664534 0.9811666666666666
94 6 0.0607617196898597 0.9813333333333333
94 7 0.04794360291847018 0.9811666666666666
94 8 0.04367096260223965 0.9811666666666666
94 9 0.04115897137914241 0.9811666666666666
95 0 0.04041686624441354 0.9811666666666666
95 1 0.053999018666218035 0.9813333333333333
95 2 0.03990240072501668 0.9811666666666666
95 3 0.05100343788702351 0.9813333333333333
95 4 0.04101954975582582 0.9811666666666666
95 5 0.03402674179839475 0.9811666666666666
95 6 0.0801934939227067 0.9811666666666666
95 7 0.04530013035158238 0.9813333333333333
95 8 0.05107438113191165 0.9811666666666666
95 9 0.05464786909336302 0.9811666666666666
96 0 0.0461348790449847 0.9813333333333333
96 1 0.05434818434999518 0.9811666666666666
96 2 0.049685992580634775 0.9813333333333333
96 3 0.05142398791698118 0.9813333333333333
96 4 0.043116421045851894 0.9811666666666666
96 5 0.059531964816414984 0.9811666666666666
96 6 0.04234760215573867 0.9811666666666666
96 7 0.0313219104524857 0.9811666666666666
96 8 0.058608772145817056 0.9813333333333333
96 9 0.038899255142799426 0.9811666666666666
97 0 0.060894288202689495 0.9811666666666666
97 1 0.06144713804436226 0.9813333333333333
97 2 0.051008662013676556 0.9813333333333333
97 3 0.05701507135624222 0.9813333333333333
97 4 0.031948335990212705 0.9813333333333333
97 5 0.03999700117371201 0.9813333333333333
97 6 0.053682381912949495 0.9813333333333333
97 7 0.05878538114969463 0.9813333333333333
97 8 0.05610651211221314 0.9813333333333333
97 9 0.051167249347296696 0.9813333333333333
98 0 0.04196253429836361 0.9813333333333333
98 1 0.05767063825381531 0.9813333333333333
98 2 0.04267995774959369 0.9811666666666666
98 3 0.048119427639903734 0.9811666666666666
98 4 0.0491946457332233 0.9813333333333333
98 5 0.05778741400960523 0.9811666666666666
98 6 0.04082228233164642 0.9813333333333333
98 7 0.05136599934000211 0.9811666666666666
98 8 0.05069642582869467 0.9811666666666666
98 9 0.0503272898204159 0.9811666666666666
99 0 0.05526007754451712 0.9813333333333333
99 1 0.040994061178935226 0.9813333333333333
99 2 0.04208228780771606 0.9813333333333333
99 3 0.03531026577426625 0.9811666666666666
99 4 0.05056575130583951 0.9813333333333333
99 5 0.05330541924922728 0.9813333333333333
99 6 0.05055376437424759 0.9811666666666666
99 7 0.06370295882273543 0.9811666666666666
99 8 0.047110924184380565 0.9811666666666666
99 9 0.04855186866673951 0.9811666666666666
